jaar	leeftijd	mannen	vrouwen	totaal 
1988	0	63	64	127
1988	1	55	79	134
1988	2	70	71	141
1988	3	77	60	137
1988	4	74	73	147
1988	5	89	71	160
1988	6	83	86	169
1988	7	91	85	176
1988	8	71	98	169
1988	9	91	102	193
1988	10	96	95	191
1988	11	118	89	207
1988	12	110	121	231
1988	13	108	89	197
1988	14	115	108	223
1988	15	131	116	247
1988	16	146	147	293
1988	17	155	141	296
1988	18	153	140	293
1988	19	123	142	265
1988	20	127	108	235
1988	21	133	109	242
1988	22	116	97	213
1988	23	134	84	218
1988	24	90	100	190
1988	25	99	99	198
1988	26	100	87	187
1988	27	73	82	155
1988	28	80	59	139
1988	29	78	78	156
1988	30	86	85	171
1988	31	80	95	175
1988	32	84	103	187
1988	33	79	100	179
1988	34	100	93	193
1988	35	90	115	205
1988	36	115	98	213
1988	37	116	124	240
1988	38	131	132	263
1988	39	108	161	269
1988	40	151	144	295
1988	41	173	188	361
1988	42	136	120	256
1988	43	133	133	266
1988	44	105	139	244
1988	45	139	132	271
1988	46	121	117	238
1988	47	120	132	252
1988	48	99	120	219
1988	49	102	109	211
1988	50	82	100	182
1988	51	109	99	208
1988	52	118	95	213
1988	53	109	88	197
1988	54	88	113	201
1988	55	85	132	217
1988	56	83	106	189
1988	57	101	117	218
1988	58	95	96	191
1988	59	107	105	212
1988	60	90	111	201
1988	61	101	114	215
1988	62	99	136	235
1988	63	105	111	216
1988	64	78	107	185
1988	65	107	120	227
1988	66	98	140	238
1988	67	92	136	228
1988	68	66	98	164
1988	69	67	115	182
1988	70	69	96	165
1988	71	74	103	177
1988	72	64	99	163
1988	73	56	107	163
1988	74	62	100	162
1988	75	59	91	150
1988	76	53	111	164
1988	77	56	94	150
1988	78	41	75	116
1988	79	35	107	142
1988	80	36	87	123
1988	81	34	85	119
1988	82	22	97	119
1988	83	24	76	100
1988	84	15	73	88
1988	85	23	75	98
1988	86	20	62	82
1988	87	12	63	75
1988	88	15	49	64
1988	89	14	40	54
1988	90	7	33	40
1988	91	5	19	24
1988	92	5	18	23
1988	93	1	13	14
1988	94	3	4	7
1988	95	0	0	0
1988	96	0	0	0
1988	97	0	0	0
1988	98	0	0	0
1988	99	0	0	0
1988	100	0	0	0
1988	101	0	0	0
1988	102	0	0	0
1988	103	0	0	0
1988	104	0	0	0
1988	105  of ouder	0	0	0
1988	95  of ouder	9	31	40
1988	Totaal	8011	9367	
Totaal 1988		16022	18734	17378
1989	0	67	64	131
1989	1	68	68	136
1989	2	56	85	141
1989	3	79	75	154
1989	4	78	61	139
1989	5	80	79	159
1989	6	94	71	165
1989	7	91	86	177
1989	8	91	90	181
1989	9	72	102	174
1989	10	94	107	201
1989	11	96	98	194
1989	12	124	87	211
1989	13	114	122	236
1989	14	105	90	195
1989	15	117	109	226
1989	16	141	116	257
1989	17	146	149	295
1989	18	156	130	286
1989	19	145	130	275
1989	20	112	127	239
1989	21	123	88	211
1989	22	131	87	218
1989	23	102	83	185
1989	24	115	74	189
1989	25	93	85	178
1989	26	97	97	194
1989	27	92	86	178
1989	28	71	76	147
1989	29	79	62	141
1989	30	81	86	167
1989	31	87	87	174
1989	32	78	99	177
1989	33	86	111	197
1989	34	83	105	188
1989	35	103	95	198
1989	36	91	120	211
1989	37	123	108	231
1989	38	120	124	244
1989	39	133	142	275
1989	40	116	164	280
1989	41	160	153	313
1989	42	179	185	364
1989	43	134	124	258
1989	44	136	137	273
1989	45	103	141	244
1989	46	145	130	275
1989	47	120	112	232
1989	48	120	135	255
1989	49	101	123	224
1989	50	103	110	213
1989	51	88	100	188
1989	52	111	99	210
1989	53	117	99	216
1989	54	106	90	196
1989	55	85	114	199
1989	56	89	133	222
1989	57	84	106	190
1989	58	99	116	215
1989	59	95	98	193
1989	60	107	105	212
1989	61	89	111	200
1989	62	100	117	217
1989	63	99	135	234
1989	64	104	109	213
1989	65	74	108	182
1989	66	106	121	227
1989	67	93	145	238
1989	68	91	132	223
1989	69	66	93	159
1989	70	68	115	183
1989	71	64	94	158
1989	72	73	105	178
1989	73	66	100	166
1989	74	56	109	165
1989	75	62	103	165
1989	76	56	90	146
1989	77	54	105	159
1989	78	50	96	146
1989	79	40	70	110
1989	80	29	105	134
1989	81	35	82	117
1989	82	32	77	109
1989	83	21	92	113
1989	84	22	69	91
1989	85	15	64	79
1989	86	22	67	89
1989	87	19	56	75
1989	88	8	51	59
1989	89	12	42	54
1989	90	13	37	50
1989	91	7	27	34
1989	92	3	18	21
1989	93	3	16	19
1989	94	1	12	13
1989	95	0	0	0
1989	96	0	0	0
1989	97	0	0	0
1989	98	0	0	0
1989	99	0	0	0
1989	100	0	0	0
1989	101	0	0	0
1989	102	0	0	0
1989	103	0	0	0
1989	104	0	0	0
1989	105  of ouder	0	0	0
1989	95  of ouder	12	27	39
1989	Totaal	8077	9335	
Totaal 1989		16154	18670	17412
1990	0	71	67	138
1990	1	68	70	138
1990	2	69	71	140
1990	3	55	90	145
1990	4	81	79	160
1990	5	82	64	146
1990	6	83	79	162
1990	7	100	79	179
1990	8	90	89	179
1990	9	104	97	201
1990	10	80	107	187
1990	11	102	108	210
1990	12	98	102	200
1990	13	125	96	221
1990	14	120	124	244
1990	15	103	91	194
1990	16	120	115	235
1990	17	143	120	263
1990	18	139	145	284
1990	19	150	113	263
1990	20	140	105	245
1990	21	97	104	201
1990	22	111	76	187
1990	23	117	71	188
1990	24	90	89	179
1990	25	115	74	189
1990	26	86	75	161
1990	27	92	86	178
1990	28	84	88	172
1990	29	71	82	153
1990	30	80	68	148
1990	31	77	85	162
1990	32	89	86	175
1990	33	83	101	184
1990	34	93	115	208
1990	35	88	108	196
1990	36	107	109	216
1990	37	98	122	220
1990	38	131	122	253
1990	39	126	118	244
1990	40	139	156	295
1990	41	121	172	293
1990	42	172	163	335
1990	43	186	194	380
1990	44	139	127	266
1990	45	135	136	271
1990	46	107	140	247
1990	47	148	130	278
1990	48	120	113	233
1990	49	122	133	255
1990	50	110	121	231
1990	51	107	109	216
1990	52	84	97	181
1990	53	112	96	208
1990	54	108	96	204
1990	55	106	90	196
1990	56	82	114	196
1990	57	85	135	220
1990	58	88	105	193
1990	59	96	112	208
1990	60	93	100	193
1990	61	104	103	207
1990	62	87	106	193
1990	63	85	117	202
1990	64	93	134	227
1990	65	103	108	211
1990	66	68	108	176
1990	67	102	117	219
1990	68	84	140	224
1990	69	86	128	214
1990	70	64	92	156
1990	71	64	111	175
1990	72	66	90	156
1990	73	69	101	170
1990	74	61	102	163
1990	75	55	108	163
1990	76	54	103	157
1990	77	55	88	143
1990	78	50	103	153
1990	79	45	91	136
1990	80	37	72	109
1990	81	32	87	119
1990	82	30	80	110
1990	83	30	76	106
1990	84	19	84	103
1990	85	19	67	86
1990	86	15	58	73
1990	87	18	57	75
1990	88	14	53	67
1990	89	4	39	43
1990	90	10	33	43
1990	91	11	34	45
1990	92	5	20	25
1990	93	3	18	21
1990	94	2	14	16
1990	95	0	0	0
1990	96	0	0	0
1990	97	0	0	0
1990	98	0	0	0
1990	99	0	0	0
1990	100	0	0	0
1990	101	0	0	0
1990	102	0	0	0
1990	103	0	0	0
1990	104	0	0	0
1990	105  of ouder	0	0	0
1990	95  of ouder	9	27	36
1990	Totaal	8071	9298	
Totaal 1990		16142	18596	17369
1991	0	73	72	145
1991	1	75	73	148
1991	2	71	69	140
1991	3	72	75	147
1991	4	56	94	150
1991	5	79	83	162
1991	6	81	65	146
1991	7	77	77	154
1991	8	97	83	180
1991	9	92	88	180
1991	10	105	94	199
1991	11	78	107	185
1991	12	103	110	213
1991	13	95	105	200
1991	14	122	97	219
1991	15	119	127	246
1991	16	105	90	195
1991	17	120	116	236
1991	18	141	119	260
1991	19	126	129	255
1991	20	132	108	240
1991	21	131	88	219
1991	22	85	85	170
1991	23	102	69	171
1991	24	114	55	169
1991	25	80	77	157
1991	26	108	68	176
1991	27	80	67	147
1991	28	81	86	167
1991	29	71	85	156
1991	30	71	86	157
1991	31	85	84	169
1991	32	80	93	173
1991	33	96	91	187
1991	34	84	97	181
1991	35	92	120	212
1991	36	89	114	203
1991	37	112	109	221
1991	38	104	122	226
1991	39	129	117	246
1991	40	129	118	247
1991	41	141	158	299
1991	42	127	180	307
1991	43	174	167	341
1991	44	197	195	392
1991	45	138	134	272
1991	46	136	137	273
1991	47	113	143	256
1991	48	151	126	277
1991	49	120	115	235
1991	50	113	131	244
1991	51	112	119	231
1991	52	109	108	217
1991	53	89	96	185
1991	54	112	92	204
1991	55	105	97	202
1991	56	104	88	192
1991	57	82	112	194
1991	58	83	135	218
1991	59	89	105	194
1991	60	93	108	201
1991	61	91	100	191
1991	62	106	100	206
1991	63	86	102	188
1991	64	81	117	198
1991	65	91	131	222
1991	66	103	111	214
1991	67	67	101	168
1991	68	105	117	222
1991	69	81	140	221
1991	70	82	126	208
1991	71	59	89	148
1991	72	63	109	172
1991	73	63	84	147
1991	74	67	104	171
1991	75	60	98	158
1991	76	50	108	158
1991	77	52	98	150
1991	78	52	85	137
1991	79	46	101	147
1991	80	39	87	126
1991	81	38	73	111
1991	82	29	77	106
1991	83	26	76	102
1991	84	30	73	103
1991	85	19	78	97
1991	86	18	63	81
1991	87	9	55	64
1991	88	16	49	65
1991	89	14	41	55
1991	90	3	35	38
1991	91	9	29	38
1991	92	8	27	35
1991	93	4	17	21
1991	94	4	15	19
1991	95	0	0	0
1991	96	0	0	0
1991	97	0	0	0
1991	98	0	0	0
1991	99	0	0	0
1991	100	0	0	0
1991	101	0	0	0
1991	102	0	0	0
1991	103	0	0	0
1991	104	0	0	0
1991	105  of ouder	0	0	0
1991	95  of ouder	8	33	41
1991	Totaal	8009	9207	
Totaal 1991		16018	18414	17216
1992	0	67	70	137
1992	1	75	78	153
1992	2	79	75	154
1992	3	74	73	147
1992	4	74	78	152
1992	5	63	96	159
1992	6	84	83	167
1992	7	87	70	157
1992	8	80	79	159
1992	9	95	87	182
1992	10	90	90	180
1992	11	110	96	206
1992	12	82	109	191
1992	13	104	113	217
1992	14	94	104	198
1992	15	123	98	221
1992	16	123	123	246
1992	17	112	91	203
1992	18	122	110	232
1992	19	126	105	231
1992	20	110	100	210
1992	21	112	95	207
1992	22	123	78	201
1992	23	79	72	151
1992	24	86	65	151
1992	25	89	54	143
1992	26	65	78	143
1992	27	98	67	165
1992	28	63	74	137
1992	29	73	82	155
1992	30	68	84	152
1992	31	77	84	161
1992	32	89	82	171
1992	33	82	100	182
1992	34	96	104	200
1992	35	87	105	192
1992	36	94	123	217
1992	37	93	111	204
1992	38	109	107	216
1992	39	108	118	226
1992	40	127	125	252
1992	41	135	122	257
1992	42	144	163	307
1992	43	125	188	313
1992	44	175	170	345
1992	45	195	201	396
1992	46	141	138	279
1992	47	137	138	275
1992	48	114	146	260
1992	49	143	125	268
1992	50	123	114	237
1992	51	119	127	246
1992	52	112	116	228
1992	53	109	106	215
1992	54	89	95	184
1992	55	111	90	201
1992	56	103	97	200
1992	57	104	84	188
1992	58	82	108	190
1992	59	79	135	214
1992	60	83	104	187
1992	61	93	107	200
1992	62	89	99	188
1992	63	100	91	191
1992	64	85	102	187
1992	65	80	113	193
1992	66	87	129	216
1992	67	93	107	200
1992	68	64	98	162
1992	69	97	111	208
1992	70	84	135	219
1992	71	75	124	199
1992	72	58	85	143
1992	73	61	102	163
1992	74	60	80	140
1992	75	63	102	165
1992	76	55	93	148
1992	77	50	110	160
1992	78	47	92	139
1992	79	46	85	131
1992	80	44	95	139
1992	81	35	87	122
1992	82	35	77	112
1992	83	27	76	103
1992	84	22	71	93
1992	85	31	70	101
1992	86	19	71	90
1992	87	15	55	70
1992	88	8	47	55
1992	89	13	37	50
1992	90	14	35	49
1992	91	2	30	32
1992	92	10	22	32
1992	93	5	19	24
1992	94	4	12	16
1992	95	0	0	0
1992	96	0	0	0
1992	97	0	0	0
1992	98	0	0	0
1992	99	0	0	0
1992	100	0	0	0
1992	101	0	0	0
1992	102	0	0	0
1992	103	0	0	0
1992	104	0	0	0
1992	105  of ouder	0	0	0
1992	95  of ouder	6	33	39
1992	Totaal	7892	9105	
Totaal 1992		15784	18210	16997
1993	0	64	83	147
1993	1	72	79	151
1993	2	82	80	162
1993	3	80	80	160
1993	4	81	82	163
1993	5	79	80	159
1993	6	66	96	162
1993	7	83	87	170
1993	8	88	76	164
1993	9	84	81	165
1993	10	95	91	186
1993	11	89	95	184
1993	12	110	95	205
1993	13	84	108	192
1993	14	105	114	219
1993	15	96	108	204
1993	16	122	99	221
1993	17	128	130	258
1993	18	106	85	191
1993	19	112	99	211
1993	20	123	90	213
1993	21	100	91	191
1993	22	108	80	188
1993	23	105	75	180
1993	24	77	68	145
1993	25	88	61	149
1993	26	93	63	156
1993	27	64	70	134
1993	28	84	63	147
1993	29	63	77	140
1993	30	76	81	157
1993	31	73	99	172
1993	32	80	82	162
1993	33	91	95	186
1993	34	81	103	184
1993	35	101	103	204
1993	36	91	110	201
1993	37	106	125	231
1993	38	102	115	217
1993	39	111	113	224
1993	40	115	121	236
1993	41	124	133	257
1993	42	143	121	264
1993	43	148	159	307
1993	44	126	186	312
1993	45	184	173	357
1993	46	192	198	390
1993	47	141	141	282
1993	48	134	144	278
1993	49	111	141	252
1993	50	149	128	277
1993	51	121	110	231
1993	52	116	127	243
1993	53	110	119	229
1993	54	110	105	215
1993	55	88	91	179
1993	56	107	89	196
1993	57	101	92	193
1993	58	103	84	187
1993	59	82	109	191
1993	60	77	132	209
1993	61	83	103	186
1993	62	86	107	193
1993	63	85	97	182
1993	64	99	91	190
1993	65	85	103	188
1993	66	74	113	187
1993	67	86	126	212
1993	68	93	100	193
1993	69	65	104	169
1993	70	92	114	206
1993	71	81	133	214
1993	72	71	128	199
1993	73	56	84	140
1993	74	56	98	154
1993	75	59	80	139
1993	76	60	96	156
1993	77	54	80	134
1993	78	47	107	154
1993	79	47	91	138
1993	80	45	82	127
1993	81	43	88	131
1993	82	33	85	118
1993	83	30	77	107
1993	84	23	75	98
1993	85	20	65	85
1993	86	26	65	91
1993	87	20	63	83
1993	88	15	51	66
1993	89	8	41	49
1993	90	12	30	42
1993	91	9	26	35
1993	92	2	22	24
1993	93	7	17	24
1993	94	5	19	24
1993	95	0	0	0
1993	96	0	0	0
1993	97	0	0	0
1993	98	0	0	0
1993	99	0	0	0
1993	100	0	0	0
1993	101	0	0	0
1993	102	0	0	0
1993	103	0	0	0
1993	104	0	0	0
1993	105  of ouder	0	0	0
1993	95  of ouder	8	38	46
1993	Totaal	7910	9114	
Totaal 1993		15820	18228	17024
1994	0	87	70	157
1994	1	68	83	151
1994	2	77	80	157
1994	3	83	85	168
1994	4	81	84	165
1994	5	86	81	167
1994	6	74	83	157
1994	7	69	98	167
1994	8	91	87	178
1994	9	86	77	163
1994	10	88	81	169
1994	11	98	94	192
1994	12	90	98	188
1994	13	108	97	205
1994	14	86	107	193
1994	15	101	115	216
1994	16	97	107	204
1994	17	121	100	221
1994	18	114	120	234
1994	19	99	81	180
1994	20	102	83	185
1994	21	113	79	192
1994	22	91	81	172
1994	23	102	77	179
1994	24	86	74	160
1994	25	69	62	131
1994	26	83	52	135
1994	27	89	70	159
1994	28	69	75	144
1994	29	76	59	135
1994	30	62	76	138
1994	31	73	79	152
1994	32	80	96	176
1994	33	90	89	179
1994	34	79	96	175
1994	35	83	108	191
1994	36	107	115	222
1994	37	94	111	205
1994	38	101	134	235
1994	39	94	112	206
1994	40	112	112	224
1994	41	114	119	233
1994	42	126	132	258
1994	43	143	122	265
1994	44	147	164	311
1994	45	127	182	309
1994	46	175	172	347
1994	47	196	197	393
1994	48	141	140	281
1994	49	135	139	274
1994	50	111	137	248
1994	51	145	123	268
1994	52	121	106	227
1994	53	116	126	242
1994	54	106	113	219
1994	55	105	101	206
1994	56	84	91	175
1994	57	95	80	175
1994	58	98	93	191
1994	59	98	80	178
1994	60	81	109	190
1994	61	76	131	207
1994	62	80	100	180
1994	63	79	107	186
1994	64	86	96	182
1994	65	95	86	181
1994	66	81	105	186
1994	67	72	113	185
1994	68	78	122	200
1994	69	93	99	192
1994	70	63	102	165
1994	71	83	110	193
1994	72	77	129	206
1994	73	70	122	192
1994	74	51	81	132
1994	75	57	97	154
1994	76	56	75	131
1994	77	53	89	142
1994	78	52	76	128
1994	79	41	103	144
1994	80	40	89	129
1994	81	41	80	121
1994	82	38	84	122
1994	83	29	79	108
1994	84	28	75	103
1994	85	15	72	87
1994	86	18	59	77
1994	87	21	55	76
1994	88	19	54	73
1994	89	12	44	56
1994	90	5	39	44
1994	91	7	23	30
1994	92	7	18	25
1994	93	2	19	21
1994	94	6	12	18
1994	95	0	0	0
1994	96	0	0	0
1994	97	0	0	0
1994	98	0	0	0
1994	99	0	0	0
1994	100	0	0	0
1994	101	0	0	0
1994	102	0	0	0
1994	103	0	0	0
1994	104	0	0	0
1994	105  of ouder	0	0	0
1994	95  of ouder	6	38	44
1994	Totaal	7760	8977	
Totaal 1994		15520	17954	16737
1995	0	85	69	154
1995	1	97	71	168
1995	2	79	87	166
1995	3	83	84	167
1995	4	87	87	174
1995	5	82	90	172
1995	6	91	82	173
1995	7	72	80	152
1995	8	67	95	162
1995	9	100	90	190
1995	10	88	74	162
1995	11	92	80	172
1995	12	100	95	195
1995	13	97	97	194
1995	14	102	97	199
1995	15	89	106	195
1995	16	111	118	229
1995	17	93	112	205
1995	18	121	91	212
1995	19	106	111	217
1995	20	87	70	157
1995	21	91	78	169
1995	22	88	80	168
1995	23	89	72	161
1995	24	98	72	170
1995	25	85	67	152
1995	26	70	62	132
1995	27	77	49	126
1995	28	74	75	149
1995	29	66	72	138
1995	30	77	66	143
1995	31	65	79	144
1995	32	79	80	159
1995	33	84	106	190
1995	34	93	99	192
1995	35	88	103	191
1995	36	90	108	198
1995	37	107	113	220
1995	38	95	110	205
1995	39	106	133	239
1995	40	96	120	216
1995	41	117	114	231
1995	42	117	120	237
1995	43	125	134	259
1995	44	140	121	261
1995	45	152	165	317
1995	46	124	189	313
1995	47	178	176	354
1995	48	198	195	393
1995	49	145	140	285
1995	50	134	136	270
1995	51	114	135	249
1995	52	142	120	262
1995	53	119	103	222
1995	54	118	128	246
1995	55	105	108	213
1995	56	103	101	204
1995	57	85	90	175
1995	58	93	80	173
1995	59	96	87	183
1995	60	92	74	166
1995	61	83	106	189
1995	62	77	129	206
1995	63	75	101	176
1995	64	76	102	178
1995	65	86	94	180
1995	66	90	84	174
1995	67	79	95	174
1995	68	71	114	185
1995	69	73	123	196
1995	70	93	98	191
1995	71	64	99	163
1995	72	81	109	190
1995	73	71	124	195
1995	74	65	114	179
1995	75	49	76	125
1995	76	59	94	153
1995	77	55	79	134
1995	78	53	91	144
1995	79	50	78	128
1995	80	41	102	143
1995	81	36	87	123
1995	82	42	73	115
1995	83	34	83	117
1995	84	21	78	99
1995	85	25	64	89
1995	86	13	73	86
1995	87	13	56	69
1995	88	17	51	68
1995	89	17	39	56
1995	90	13	41	54
1995	91	2	40	42
1995	92	8	26	34
1995	93	6	16	22
1995	94	2	18	20
1995	95	0	0	0
1995	96	0	0	0
1995	97	0	0	0
1995	98	0	0	0
1995	99	0	0	0
1995	100	0	0	0
1995	101	0	0	0
1995	102	0	0	0
1995	103	0	0	0
1995	104	0	0	0
1995	105  of ouder	0	0	0
1995	95  of ouder	7	41	48
1995	Totaal	7791	8944	
Totaal 1995		15582	17888	16735
1996	0	85	81	166
1996	1	97	71	168
1996	2	108	76	184
1996	3	89	90	179
1996	4	88	85	173
1996	5	89	91	180
1996	6	80	90	170
1996	7	94	85	179
1996	8	77	83	160
1996	9	66	102	168
1996	10	102	94	196
1996	11	88	75	163
1996	12	94	82	176
1996	13	102	93	195
1996	14	96	97	193
1996	15	104	101	205
1996	16	87	106	193
1996	17	115	111	226
1996	18	89	107	196
1996	19	116	83	199
1996	20	101	96	197
1996	21	73	61	134
1996	22	88	73	161
1996	23	88	70	158
1996	24	77	71	148
1996	25	91	62	153
1996	26	76	61	137
1996	27	65	61	126
1996	28	65	56	121
1996	29	66	79	145
1996	30	65	73	138
1996	31	74	72	146
1996	32	67	88	155
1996	33	90	84	174
1996	34	89	114	203
1996	35	96	108	204
1996	36	92	110	202
1996	37	93	109	202
1996	38	114	120	234
1996	39	102	120	222
1996	40	110	133	243
1996	41	103	123	226
1996	42	124	110	234
1996	43	113	120	233
1996	44	128	136	264
1996	45	144	123	267
1996	46	154	165	319
1996	47	131	191	322
1996	48	178	172	350
1996	49	193	193	386
1996	50	141	141	282
1996	51	139	139	278
1996	52	113	135	248
1996	53	140	122	262
1996	54	115	100	215
1996	55	118	128	246
1996	56	106	110	216
1996	57	101	98	199
1996	58	84	91	175
1996	59	91	77	168
1996	60	93	88	181
1996	61	88	72	160
1996	62	83	104	187
1996	63	78	130	208
1996	64	72	100	172
1996	65	76	107	183
1996	66	81	91	172
1996	67	88	83	171
1996	68	77	92	169
1996	69	67	112	179
1996	70	72	124	196
1996	71	93	95	188
1996	72	61	100	161
1996	73	76	107	183
1996	74	73	123	196
1996	75	62	112	174
1996	76	50	75	125
1996	77	56	88	144
1996	78	50	77	127
1996	79	51	86	137
1996	80	46	73	119
1996	81	38	93	131
1996	82	30	80	110
1996	83	41	68	109
1996	84	31	77	108
1996	85	20	74	94
1996	86	23	52	75
1996	87	9	70	79
1996	88	11	51	62
1996	89	13	40	53
1996	90	15	38	53
1996	91	9	37	46
1996	92	2	27	29
1996	93	6	25	31
1996	94	5	15	20
1996	95	0	0	0
1996	96	0	0	0
1996	97	0	0	0
1996	98	0	0	0
1996	99	0	0	0
1996	100	0	0	0
1996	101	0	0	0
1996	102	0	0	0
1996	103	0	0	0
1996	104	0	0	0
1996	105  of ouder	0	0	0
1996	95  of ouder	7	49	56
1996	Totaal	7817	8933	
Totaal 1996		15634	17866	16750
1997	0	87	81	168
1997	1	87	88	175
1997	2	108	76	184
1997	3	119	93	212
1997	4	95	92	187
1997	5	86	91	177
1997	6	94	94	188
1997	7	81	97	178
1997	8	93	87	180
1997	9	80	83	163
1997	10	68	107	175
1997	11	99	99	198
1997	12	96	78	174
1997	13	98	85	183
1997	14	104	97	201
1997	15	98	102	200
1997	16	107	106	213
1997	17	89	108	197
1997	18	108	107	215
1997	19	85	104	189
1997	20	108	82	190
1997	21	97	78	175
1997	22	69	58	127
1997	23	75	59	134
1997	24	87	69	156
1997	25	77	59	136
1997	26	78	59	137
1997	27	72	64	136
1997	28	58	61	119
1997	29	64	61	125
1997	30	68	79	147
1997	31	66	93	159
1997	32	80	89	169
1997	33	77	94	171
1997	34	98	83	181
1997	35	90	123	213
1997	36	105	115	220
1997	37	98	114	212
1997	38	101	115	216
1997	39	122	114	236
1997	40	108	123	231
1997	41	116	133	249
1997	42	99	122	221
1997	43	126	112	238
1997	44	116	124	240
1997	45	130	147	277
1997	46	149	123	272
1997	47	157	166	323
1997	48	126	188	314
1997	49	179	176	355
1997	50	192	191	383
1997	51	139	140	279
1997	52	133	132	265
1997	53	111	133	244
1997	54	137	126	263
1997	55	111	95	206
1997	56	120	125	245
1997	57	106	109	215
1997	58	102	99	201
1997	59	83	91	174
1997	60	89	76	165
1997	61	93	88	181
1997	62	89	73	162
1997	63	81	100	181
1997	64	73	126	199
1997	65	70	98	168
1997	66	77	107	184
1997	67	83	92	175
1997	68	86	79	165
1997	69	72	94	166
1997	70	65	107	172
1997	71	69	120	189
1997	72	90	93	183
1997	73	55	89	144
1997	74	70	106	176
1997	75	69	124	193
1997	76	59	111	170
1997	77	47	74	121
1997	78	54	80	134
1997	79	44	77	121
1997	80	48	85	133
1997	81	41	76	117
1997	82	34	86	120
1997	83	26	74	100
1997	84	36	67	103
1997	85	29	75	104
1997	86	16	67	83
1997	87	14	48	62
1997	88	7	62	69
1997	89	12	46	58
1997	90	14	40	54
1997	91	11	28	39
1997	92	7	30	37
1997	93	1	25	26
1997	94	4	22	26
1997	95	0	0	0
1997	96	0	0	0
1997	97	0	0	0
1997	98	0	0	0
1997	99	0	0	0
1997	100	0	0	0
1997	101	0	0	0
1997	102	0	0	0
1997	103	0	0	0
1997	104	0	0	0
1997	105  of ouder	0	0	0
1997	95  of ouder	10	44	54
1997	Totaal	7857	8988	
Totaal 1997		15714	17976	16845
1998	0	71	82	153
1998	1	86	90	176
1998	2	92	88	180
1998	3	111	77	188
1998	4	127	97	224
1998	5	94	92	186
1998	6	91	97	188
1998	7	97	94	191
1998	8	86	95	181
1998	9	100	88	188
1998	10	84	83	167
1998	11	70	106	176
1998	12	103	102	205
1998	13	93	80	173
1998	14	96	87	183
1998	15	109	93	202
1998	16	99	104	203
1998	17	110	102	212
1998	18	81	99	180
1998	19	92	96	188
1998	20	82	83	165
1998	21	92	69	161
1998	22	89	70	159
1998	23	67	51	118
1998	24	66	62	128
1998	25	76	54	130
1998	26	69	56	125
1998	27	65	56	121
1998	28	56	65	121
1998	29	55	59	114
1998	30	66	57	123
1998	31	55	83	138
1998	32	63	89	152
1998	33	73	85	158
1998	34	77	97	174
1998	35	103	94	197
1998	36	89	129	218
1998	37	101	117	218
1998	38	102	120	222
1998	39	95	118	213
1998	40	123	117	240
1998	41	117	122	239
1998	42	115	135	250
1998	43	103	127	230
1998	44	126	119	245
1998	45	120	127	247
1998	46	126	142	268
1998	47	150	125	275
1998	48	154	165	319
1998	49	125	183	308
1998	50	177	173	350
1998	51	190	192	382
1998	52	131	135	266
1998	53	135	133	268
1998	54	111	131	242
1998	55	131	121	252
1998	56	112	95	207
1998	57	121	119	240
1998	58	105	106	211
1998	59	101	101	202
1998	60	77	92	169
1998	61	88	77	165
1998	62	94	88	182
1998	63	88	73	161
1998	64	81	99	180
1998	65	73	122	195
1998	66	62	98	160
1998	67	71	102	173
1998	68	83	93	176
1998	69	84	80	164
1998	70	69	94	163
1998	71	66	107	173
1998	72	69	116	185
1998	73	86	91	177
1998	74	57	82	139
1998	75	64	101	165
1998	76	64	120	184
1998	77	55	114	169
1998	78	45	70	115
1998	79	53	77	130
1998	80	42	70	112
1998	81	40	85	125
1998	82	35	73	108
1998	83	34	82	116
1998	84	21	60	81
1998	85	33	61	94
1998	86	25	68	93
1998	87	16	62	78
1998	88	13	45	58
1998	89	5	58	63
1998	90	11	40	51
1998	91	10	35	45
1998	92	8	18	26
1998	93	6	16	22
1998	94	1	16	17
1998	95	0	0	0
1998	96	0	0	0
1998	97	0	0	0
1998	98	0	0	0
1998	99	0	0	0
1998	100	0	0	0
1998	101	0	0	0
1998	102	0	0	0
1998	103	0	0	0
1998	104	0	0	0
1998	105  of ouder	0	0	0
1998	95  of ouder	8	43	51
1998	Totaal	7743	8862	
Totaal 1998		15486	17724	16605
1999	0	93	92	185
1999	1	85	92	177
1999	2	94	97	191
1999	3	94	94	188
1999	4	122	85	207
1999	5	134	100	234
1999	6	100	95	195
1999	7	98	102	200
1999	8	104	100	204
1999	9	93	106	199
1999	10	105	87	192
1999	11	91	85	176
1999	12	80	106	186
1999	13	108	104	212
1999	14	100	83	183
1999	15	96	89	185
1999	16	104	95	199
1999	17	107	109	216
1999	18	104	97	201
1999	19	79	79	158
1999	20	72	71	143
1999	21	62	65	127
1999	22	83	51	134
1999	23	78	61	139
1999	24	67	44	111
1999	25	69	53	122
1999	26	62	50	112
1999	27	60	43	103
1999	28	59	63	122
1999	29	59	66	125
1999	30	57	62	119
1999	31	70	69	139
1999	32	60	84	144
1999	33	64	95	159
1999	34	93	96	189
1999	35	86	110	196
1999	36	107	96	203
1999	37	96	137	233
1999	38	109	132	241
1999	39	105	127	232
1999	40	103	125	228
1999	41	127	129	256
1999	42	123	125	248
1999	43	116	142	258
1999	44	107	134	241
1999	45	129	125	254
1999	46	123	124	247
1999	47	129	141	270
1999	48	154	130	284
1999	49	161	167	328
1999	50	127	182	309
1999	51	181	179	360
1999	52	194	195	389
1999	53	128	128	256
1999	54	138	134	272
1999	55	110	128	238
1999	56	130	121	251
1999	57	111	97	208
1999	58	117	116	233
1999	59	99	107	206
1999	60	101	102	203
1999	61	79	93	172
1999	62	89	79	168
1999	63	92	90	182
1999	64	88	74	162
1999	65	81	98	179
1999	66	72	117	189
1999	67	62	96	158
1999	68	68	101	169
1999	69	82	90	172
1999	70	86	77	163
1999	71	65	91	156
1999	72	63	101	164
1999	73	64	116	180
1999	74	81	94	175
1999	75	55	83	138
1999	76	57	101	158
1999	77	63	115	178
1999	78	53	106	159
1999	79	41	68	109
1999	80	48	74	122
1999	81	39	67	106
1999	82	33	78	111
1999	83	32	67	99
1999	84	28	73	101
1999	85	20	57	77
1999	86	31	56	87
1999	87	18	67	85
1999	88	13	51	64
1999	89	12	38	50
1999	90	5	53	58
1999	91	10	32	42
1999	92	9	29	38
1999	93	9	18	27
1999	94	4	10	14
1999	95	0	0	0
1999	96	0	0	0
1999	97	0	0	0
1999	98	0	0	0
1999	99	0	0	0
1999	100	0	0	0
1999	101	0	0	0
1999	102	0	0	0
1999	103	0	0	0
1999	104	0	0	0
1999	105  of ouder	0	0	0
1999	95  of ouder	5	45	50
1999	Totaal	7874	8908	
Totaal 1999		15748	17816	16782
2000	0	78	80	158
2000	1	96	100	196
2000	2	99	97	196
2000	3	102	104	206
2000	4	95	99	194
2000	5	126	90	216
2000	6	135	105	240
2000	7	96	98	194
2000	8	106	103	209
2000	9	97	101	198
2000	10	97	107	204
2000	11	105	87	192
2000	12	91	88	179
2000	13	80	104	184
2000	14	108	104	212
2000	15	99	84	183
2000	16	96	90	186
2000	17	104	95	199
2000	18	107	93	200
2000	19	94	88	182
2000	20	61	72	133
2000	21	56	58	114
2000	22	61	50	111
2000	23	83	34	117
2000	24	73	53	126
2000	25	58	47	105
2000	26	63	53	116
2000	27	56	47	103
2000	28	54	45	99
2000	29	56	64	120
2000	30	52	78	130
2000	31	58	69	127
2000	32	76	80	156
2000	33	69	93	162
2000	34	71	99	170
2000	35	104	95	199
2000	36	97	119	216
2000	37	114	98	212
2000	38	101	132	233
2000	39	114	138	252
2000	40	110	126	236
2000	41	99	126	225
2000	42	128	131	259
2000	43	124	127	251
2000	44	117	141	258
2000	45	109	133	242
2000	46	134	124	258
2000	47	127	119	246
2000	48	132	141	273
2000	49	152	128	280
2000	50	155	164	319
2000	51	124	172	296
2000	52	179	172	351
2000	53	195	193	388
2000	54	126	129	255
2000	55	135	131	266
2000	56	106	125	231
2000	57	130	120	250
2000	58	112	98	210
2000	59	111	114	225
2000	60	97	103	200
2000	61	99	101	200
2000	62	75	91	166
2000	63	87	78	165
2000	64	87	92	179
2000	65	88	72	160
2000	66	80	93	173
2000	67	73	115	188
2000	68	62	94	156
2000	69	69	100	169
2000	70	82	89	171
2000	71	84	75	159
2000	72	64	93	157
2000	73	62	102	164
2000	74	62	110	172
2000	75	78	90	168
2000	76	51	80	131
2000	77	55	104	159
2000	78	61	113	174
2000	79	49	100	149
2000	80	39	67	106
2000	81	40	69	109
2000	82	37	68	105
2000	83	28	70	98
2000	84	30	62	92
2000	85	26	67	93
2000	86	15	55	70
2000	87	25	54	79
2000	88	15	58	73
2000	89	12	49	61
2000	90	9	33	42
2000	91	4	41	45
2000	92	6	29	35
2000	93	7	26	33
2000	94	6	14	20
2000	95	0	0	0
2000	96	0	0	0
2000	97	0	0	0
2000	98	0	0	0
2000	99	0	0	0
2000	100	0	0	0
2000	101	0	0	0
2000	102	0	0	0
2000	103	0	0	0
2000	104	0	0	0
2000	105  of ouder	0	0	0
2000	95  of ouder	7	40	47
2000	Totaal	7864	8852	
Totaal 2000		15728	17704	16716
2001	0	100	89	189
2001	1	88	90	178
2001	2	108	106	214
2001	3	105	105	210
2001	4	107	110	217
2001	5	96	105	201
2001	6	128	94	222
2001	7	137	110	247
2001	8	100	101	201
2001	9	102	105	207
2001	10	99	102	201
2001	11	98	107	205
2001	12	110	90	200
2001	13	92	89	181
2001	14	81	105	186
2001	15	108	106	214
2001	16	98	89	187
2001	17	95	95	190
2001	18	99	85	184
2001	19	113	82	195
2001	20	84	68	152
2001	21	51	61	112
2001	22	55	49	104
2001	23	59	49	108
2001	24	77	47	124
2001	25	64	46	110
2001	26	58	49	107
2001	27	59	45	104
2001	28	47	42	89
2001	29	53	56	109
2001	30	60	59	119
2001	31	53	83	136
2001	32	60	72	132
2001	33	83	94	177
2001	34	80	116	196
2001	35	81	106	187
2001	36	117	101	218
2001	37	101	120	221
2001	38	117	101	218
2001	39	104	137	241
2001	40	125	141	266
2001	41	115	131	246
2001	42	107	125	232
2001	43	132	137	269
2001	44	122	130	252
2001	45	118	144	262
2001	46	109	135	244
2001	47	139	120	259
2001	48	130	119	249
2001	49	131	138	269
2001	50	151	128	279
2001	51	156	165	321
2001	52	128	170	298
2001	53	174	168	342
2001	54	195	194	389
2001	55	125	123	248
2001	56	130	133	263
2001	57	108	122	230
2001	58	126	118	244
2001	59	109	99	208
2001	60	107	112	219
2001	61	95	99	194
2001	62	98	96	194
2001	63	74	87	161
2001	64	86	75	161
2001	65	86	91	177
2001	66	87	72	159
2001	67	81	95	176
2001	68	69	115	184
2001	69	63	91	154
2001	70	67	97	164
2001	71	80	88	168
2001	72	81	72	153
2001	73	61	91	152
2001	74	59	102	161
2001	75	55	105	160
2001	76	73	84	157
2001	77	51	75	126
2001	78	52	104	156
2001	79	56	115	171
2001	80	46	96	142
2001	81	38	68	106
2001	82	34	63	97
2001	83	32	63	95
2001	84	26	68	94
2001	85	29	61	90
2001	86	20	65	85
2001	87	13	51	64
2001	88	17	45	62
2001	89	9	57	66
2001	90	7	39	46
2001	91	9	30	39
2001	92	2	31	33
2001	93	4	23	27
2001	94	5	23	28
2001	95	0	0	0
2001	96	0	0	0
2001	97	0	0	0
2001	98	0	0	0
2001	99	0	0	0
2001	100	0	0	0
2001	101	0	0	0
2001	102	0	0	0
2001	103	0	0	0
2001	104	0	0	0
2001	105  of ouder	0	0	0
2001	95  of ouder	6	41	47
2001	Totaal	7935	8896	
Totaal 2001		15870	17792	16831
2002	0	77	91	168
2002	1	114	101	215
2002	2	94	95	189
2002	3	118	117	235
2002	4	107	115	222
2002	5	109	120	229
2002	6	99	107	206
2002	7	135	102	237
2002	8	138	116	254
2002	9	106	103	209
2002	10	107	107	214
2002	11	101	109	210
2002	12	99	107	206
2002	13	110	91	201
2002	14	95	90	185
2002	15	81	107	188
2002	16	115	111	226
2002	17	101	90	191
2002	18	96	92	188
2002	19	101	72	173
2002	20	105	76	181
2002	21	79	61	140
2002	22	51	61	112
2002	23	59	46	105
2002	24	52	51	103
2002	25	79	49	128
2002	26	59	56	115
2002	27	54	51	105
2002	28	58	35	93
2002	29	49	50	99
2002	30	52	72	124
2002	31	63	71	134
2002	32	56	82	138
2002	33	62	77	139
2002	34	94	105	199
2002	35	94	120	214
2002	36	92	115	207
2002	37	121	109	230
2002	38	108	119	227
2002	39	127	112	239
2002	40	107	136	243
2002	41	134	146	280
2002	42	112	132	244
2002	43	115	125	240
2002	44	129	141	270
2002	45	127	131	258
2002	46	121	144	265
2002	47	111	137	248
2002	48	141	124	265
2002	49	128	123	251
2002	50	131	138	269
2002	51	152	124	276
2002	52	155	163	318
2002	53	125	172	297
2002	54	175	165	340
2002	55	193	189	382
2002	56	127	122	249
2002	57	128	132	260
2002	58	109	126	235
2002	59	123	118	241
2002	60	107	96	203
2002	61	102	116	218
2002	62	93	101	194
2002	63	95	96	191
2002	64	73	86	159
2002	65	87	75	162
2002	66	86	87	173
2002	67	85	74	159
2002	68	81	96	177
2002	69	68	118	186
2002	70	63	94	157
2002	71	68	98	166
2002	72	78	88	166
2002	73	81	69	150
2002	74	58	87	145
2002	75	54	96	150
2002	76	48	101	149
2002	77	68	82	150
2002	78	49	73	122
2002	79	48	100	148
2002	80	53	108	161
2002	81	37	94	131
2002	82	31	70	101
2002	83	30	55	85
2002	84	29	61	90
2002	85	23	69	92
2002	86	24	57	81
2002	87	21	62	83
2002	88	13	46	59
2002	89	14	41	55
2002	90	5	53	58
2002	91	5	31	36
2002	92	8	23	31
2002	93	2	26	28
2002	94	3	18	21
2002	95	0	0	0
2002	96	0	0	0
2002	97	0	0	0
2002	98	0	0	0
2002	99	0	0	0
2002	100	0	0	0
2002	101	0	0	0
2002	102	0	0	0
2002	103	0	0	0
2002	104	0	0	0
2002	105  of ouder	0	0	0
2002	95  of ouder	9	42	51
2002	Totaal	8059	9038	
Totaal 2002		16118	18076	17097
2003	0	85	90	175
2003	1	88	93	181
2003	2	117	106	223
2003	3	109	98	207
2003	4	124	115	239
2003	5	111	117	228
2003	6	112	120	232
2003	7	97	107	204
2003	8	131	101	232
2003	9	137	118	255
2003	10	106	104	210
2003	11	111	108	219
2003	12	103	109	212
2003	13	102	112	214
2003	14	112	92	204
2003	15	92	87	179
2003	16	87	107	194
2003	17	111	107	218
2003	18	102	83	185
2003	19	86	74	160
2003	20	96	57	153
2003	21	93	59	152
2003	22	71	59	130
2003	23	51	55	106
2003	24	59	44	103
2003	25	49	60	109
2003	26	59	43	102
2003	27	54	42	96
2003	28	55	44	99
2003	29	52	42	94
2003	30	45	54	99
2003	31	51	83	134
2003	32	68	80	148
2003	33	63	88	151
2003	34	65	86	151
2003	35	96	107	203
2003	36	103	129	232
2003	37	100	119	219
2003	38	122	113	235
2003	39	106	128	234
2003	40	128	110	238
2003	41	110	130	240
2003	42	139	147	286
2003	43	113	137	250
2003	44	115	132	247
2003	45	129	145	274
2003	46	130	132	262
2003	47	125	148	273
2003	48	111	138	249
2003	49	139	122	261
2003	50	119	123	242
2003	51	132	136	268
2003	52	152	125	277
2003	53	153	158	311
2003	54	122	172	294
2003	55	167	159	326
2003	56	193	189	382
2003	57	126	119	245
2003	58	126	129	255
2003	59	109	129	238
2003	60	118	117	235
2003	61	103	95	198
2003	62	100	113	213
2003	63	85	100	185
2003	64	92	91	183
2003	65	77	84	161
2003	66	85	72	157
2003	67	84	87	171
2003	68	80	77	157
2003	69	79	94	173
2003	70	64	119	183
2003	71	62	90	152
2003	72	67	98	165
2003	73	75	85	160
2003	74	80	69	149
2003	75	56	81	137
2003	76	49	92	141
2003	77	47	95	142
2003	78	61	79	140
2003	79	46	71	117
2003	80	46	96	142
2003	81	49	108	157
2003	82	34	96	130
2003	83	30	61	91
2003	84	27	48	75
2003	85	26	55	81
2003	86	20	67	87
2003	87	23	51	74
2003	88	17	55	72
2003	89	10	45	55
2003	90	14	36	50
2003	91	4	42	46
2003	92	4	26	30
2003	93	7	19	26
2003	94	3	22	25
2003	95	0	0	0
2003	96	0	0	0
2003	97	0	0	0
2003	98	0	0	0
2003	99	0	0	0
2003	100	0	0	0
2003	101	0	0	0
2003	102	0	0	0
2003	103	0	0	0
2003	104	0	0	0
2003	105  of ouder	0	0	0
2003	95  of ouder	7	39	46
2003	Totaal	8050	8995	
Totaal 2003		16100	17990	17045
2004	0	83	79	162
2004	1	88	89	177
2004	2	99	98	197
2004	3	118	112	230
2004	4	114	104	218
2004	5	121	119	240
2004	6	120	114	234
2004	7	116	124	240
2004	8	101	111	212
2004	9	132	106	238
2004	10	137	118	255
2004	11	103	107	210
2004	12	110	106	216
2004	13	103	108	211
2004	14	100	112	212
2004	15	112	90	202
2004	16	87	89	176
2004	17	88	112	200
2004	18	107	105	212
2004	19	91	73	164
2004	20	82	66	148
2004	21	69	51	120
2004	22	75	60	135
2004	23	57	49	106
2004	24	50	45	95
2004	25	54	35	89
2004	26	39	47	86
2004	27	39	34	73
2004	28	48	41	89
2004	29	56	42	98
2004	30	42	43	85
2004	31	40	55	95
2004	32	45	81	126
2004	33	66	80	146
2004	34	70	94	164
2004	35	64	92	156
2004	36	104	113	217
2004	37	101	139	240
2004	38	105	125	230
2004	39	125	115	240
2004	40	112	125	237
2004	41	133	120	253
2004	42	116	136	252
2004	43	140	153	293
2004	44	112	136	248
2004	45	125	131	256
2004	46	127	139	266
2004	47	133	132	265
2004	48	128	140	268
2004	49	111	134	245
2004	50	133	119	252
2004	51	117	124	241
2004	52	128	132	260
2004	53	150	120	270
2004	54	157	152	309
2004	55	123	168	291
2004	56	167	157	324
2004	57	188	187	375
2004	58	127	118	245
2004	59	126	129	255
2004	60	107	125	232
2004	61	117	112	229
2004	62	102	94	196
2004	63	98	113	211
2004	64	84	99	183
2004	65	89	91	180
2004	66	75	80	155
2004	67	83	73	156
2004	68	81	87	168
2004	69	78	77	155
2004	70	72	93	165
2004	71	62	117	179
2004	72	60	90	150
2004	73	67	95	162
2004	74	69	84	153
2004	75	78	71	149
2004	76	53	83	136
2004	77	47	91	138
2004	78	44	95	139
2004	79	62	79	141
2004	80	41	65	106
2004	81	42	96	138
2004	82	46	106	152
2004	83	35	89	124
2004	84	28	58	86
2004	85	21	46	67
2004	86	24	58	82
2004	87	20	55	75
2004	88	21	53	74
2004	89	17	47	64
2004	90	9	42	51
2004	91	10	34	44
2004	92	3	35	38
2004	93	2	19	21
2004	94	5	17	22
2004	95	0	0	0
2004	96	0	0	0
2004	97	0	0	0
2004	98	0	0	0
2004	99	0	0	0
2004	100	0	0	0
2004	101	0	0	0
2004	102	0	0	0
2004	103	0	0	0
2004	104	0	0	0
2004	105  of ouder	0	0	0
2004	95  of ouder	8	44	52
2004	Totaal	7974	8948	
Totaal 2004		15948	17896	16922
2005	0	69	87	156
2005	1	84	86	170
2005	2	92	91	183
2005	3	105	99	204
2005	4	122	113	235
2005	5	116	108	224
2005	6	124	128	252
2005	7	121	118	239
2005	8	118	125	243
2005	9	112	119	231
2005	10	139	106	245
2005	11	136	120	256
2005	12	104	112	216
2005	13	110	110	220
2005	14	103	110	213
2005	15	106	115	221
2005	16	115	89	204
2005	17	90	92	182
2005	18	83	106	189
2005	19	89	90	179
2005	20	79	57	136
2005	21	69	56	125
2005	22	63	41	104
2005	23	71	50	121
2005	24	55	39	94
2005	25	45	46	91
2005	26	49	35	84
2005	27	41	38	79
2005	28	30	31	61
2005	29	44	34	78
2005	30	46	45	91
2005	31	37	46	83
2005	32	43	59	102
2005	33	47	79	126
2005	34	65	85	150
2005	35	70	98	168
2005	36	72	103	175
2005	37	107	119	226
2005	38	108	141	249
2005	39	115	132	247
2005	40	130	124	254
2005	41	114	128	242
2005	42	140	126	266
2005	43	123	140	263
2005	44	138	160	298
2005	45	120	142	262
2005	46	124	128	252
2005	47	132	142	274
2005	48	135	132	267
2005	49	132	141	273
2005	50	111	140	251
2005	51	133	117	250
2005	52	116	123	239
2005	53	127	134	261
2005	54	149	118	267
2005	55	156	152	308
2005	56	123	169	292
2005	57	167	160	327
2005	58	186	187	373
2005	59	123	116	239
2005	60	122	126	248
2005	61	107	122	229
2005	62	116	111	227
2005	63	102	91	193
2005	64	96	112	208
2005	65	84	101	185
2005	66	89	91	180
2005	67	73	82	155
2005	68	86	72	158
2005	69	77	81	158
2005	70	80	76	156
2005	71	72	93	165
2005	72	62	117	179
2005	73	61	93	154
2005	74	67	96	163
2005	75	68	85	153
2005	76	69	73	142
2005	77	52	83	135
2005	78	45	91	136
2005	79	46	88	134
2005	80	58	81	139
2005	81	39	64	103
2005	82	35	93	128
2005	83	44	106	150
2005	84	31	81	112
2005	85	26	57	83
2005	86	18	45	63
2005	87	22	56	78
2005	88	18	51	69
2005	89	21	50	71
2005	90	13	43	56
2005	91	7	41	48
2005	92	8	28	36
2005	93	4	30	34
2005	94	3	18	21
2005	95	0	0	0
2005	96	0	0	0
2005	97	0	0	0
2005	98	0	0	0
2005	99	0	0	0
2005	100	0	0	0
2005	101	0	0	0
2005	102	0	0	0
2005	103	0	0	0
2005	104	0	0	0
2005	105  of ouder	0	0	0
2005	95  of ouder	4	42	46
2005	Totaal	7998	9007	
Totaal 2005		15996	18014	17005
2006	0	73	69	142
2006	1	75	107	182
2006	2	91	91	182
2006	3	97	98	195
2006	4	116	107	223
2006	5	126	121	247
2006	6	126	115	241
2006	7	123	130	253
2006	8	127	118	245
2006	9	125	129	254
2006	10	117	118	235
2006	11	141	105	246
2006	12	136	123	259
2006	13	99	113	212
2006	14	106	108	214
2006	15	102	109	211
2006	16	105	115	220
2006	17	117	88	205
2006	18	82	92	174
2006	19	61	81	142
2006	20	73	69	142
2006	21	62	39	101
2006	22	60	56	116
2006	23	57	43	100
2006	24	71	41	112
2006	25	48	28	76
2006	26	41	40	81
2006	27	41	36	77
2006	28	31	30	61
2006	29	30	35	65
2006	30	37	44	81
2006	31	45	48	93
2006	32	41	53	94
2006	33	46	71	117
2006	34	59	83	142
2006	35	68	92	160
2006	36	70	97	167
2006	37	79	116	195
2006	38	116	127	243
2006	39	108	140	248
2006	40	113	135	248
2006	41	129	138	267
2006	42	118	130	248
2006	43	146	131	277
2006	44	130	145	275
2006	45	145	161	306
2006	46	124	143	267
2006	47	128	125	253
2006	48	135	142	277
2006	49	133	133	266
2006	50	132	140	272
2006	51	112	139	251
2006	52	130	116	246
2006	53	115	121	236
2006	54	129	132	261
2006	55	147	111	258
2006	56	151	151	302
2006	57	128	163	291
2006	58	167	165	332
2006	59	182	186	368
2006	60	124	109	233
2006	61	122	122	244
2006	62	105	118	223
2006	63	114	109	223
2006	64	100	85	185
2006	65	94	109	203
2006	66	81	98	179
2006	67	91	89	180
2006	68	71	82	153
2006	69	84	71	155
2006	70	75	81	156
2006	71	80	82	162
2006	72	69	93	162
2006	73	61	115	176
2006	74	58	93	151
2006	75	63	92	155
2006	76	64	84	148
2006	77	64	68	132
2006	78	51	81	132
2006	79	45	88	133
2006	80	42	88	130
2006	81	50	79	129
2006	82	35	61	96
2006	83	32	90	122
2006	84	39	100	139
2006	85	27	79	106
2006	86	26	53	79
2006	87	16	45	61
2006	88	16	53	69
2006	89	15	41	56
2006	90	16	43	59
2006	91	11	42	53
2006	92	7	31	38
2006	93	9	26	35
2006	94	3	19	22
2006	95	0	0	0
2006	96	0	0	0
2006	97	0	0	0
2006	98	0	0	0
2006	99	0	0	0
2006	100	0	0	0
2006	101	0	0	0
2006	102	0	0	0
2006	103	0	0	0
2006	104	0	0	0
2006	105  of ouder	0	0	0
2006	95  of ouder	4	37	41
2006	Totaal	7986	8988	
Totaal 2006		15972	17976	16974
2007	0	57	65	122
2007	1	82	79	161
2007	2	86	117	203
2007	3	96	100	196
2007	4	105	120	225
2007	5	119	108	227
2007	6	133	126	259
2007	7	128	116	244
2007	8	131	134	265
2007	9	128	121	249
2007	10	122	127	249
2007	11	117	118	235
2007	12	144	107	251
2007	13	134	122	256
2007	14	101	108	209
2007	15	109	110	219
2007	16	105	111	216
2007	17	110	115	225
2007	18	106	87	193
2007	19	73	88	161
2007	20	52	60	112
2007	21	68	57	125
2007	22	53	31	84
2007	23	54	56	110
2007	24	49	31	80
2007	25	51	39	90
2007	26	48	27	75
2007	27	34	33	67
2007	28	37	34	71
2007	29	32	34	66
2007	30	29	40	69
2007	31	42	44	86
2007	32	46	48	94
2007	33	51	59	110
2007	34	50	75	125
2007	35	66	92	158
2007	36	67	104	171
2007	37	83	96	179
2007	38	90	126	216
2007	39	113	137	250
2007	40	120	138	258
2007	41	115	142	257
2007	42	133	141	274
2007	43	125	139	264
2007	44	146	126	272
2007	45	131	148	279
2007	46	142	158	300
2007	47	131	147	278
2007	48	128	127	255
2007	49	138	145	283
2007	50	134	136	270
2007	51	133	141	274
2007	52	111	144	255
2007	53	134	112	246
2007	54	118	121	239
2007	55	125	132	257
2007	56	144	111	255
2007	57	148	151	299
2007	58	128	160	288
2007	59	162	164	326
2007	60	181	179	360
2007	61	119	107	226
2007	62	120	120	240
2007	63	103	117	220
2007	64	113	105	218
2007	65	98	88	186
2007	66	88	105	193
2007	67	81	96	177
2007	68	91	87	178
2007	69	70	82	152
2007	70	76	69	145
2007	71	73	81	154
2007	72	80	79	159
2007	73	67	94	161
2007	74	59	112	171
2007	75	55	92	147
2007	76	60	87	147
2007	77	62	82	144
2007	78	54	65	119
2007	79	50	82	132
2007	80	46	86	132
2007	81	41	87	128
2007	82	50	73	123
2007	83	33	60	93
2007	84	34	82	116
2007	85	35	93	128
2007	86	26	78	104
2007	87	24	51	75
2007	88	16	41	57
2007	89	12	49	61
2007	90	12	40	52
2007	91	15	38	53
2007	92	9	39	48
2007	93	6	23	29
2007	94	5	18	23
2007	95	0	0	0
2007	96	0	0	0
2007	97	0	0	0
2007	98	0	0	0
2007	99	0	0	0
2007	100	0	0	0
2007	101	0	0	0
2007	102	0	0	0
2007	103	0	0	0
2007	104	0	0	0
2007	105  of ouder	0	0	0
2007	95  of ouder	3	42	45
2007	Totaal	8014	9014	
Totaal 2007		16028	18028	17028
2008	0	71	56	127
2008	1	64	72	136
2008	2	84	87	171
2008	3	90	126	216
2008	4	106	109	215
2008	5	108	120	228
2008	6	125	110	235
2008	7	134	122	256
2008	8	129	129	258
2008	9	131	135	266
2008	10	131	125	256
2008	11	121	124	245
2008	12	115	119	234
2008	13	143	107	250
2008	14	133	123	256
2008	15	99	110	209
2008	16	109	113	222
2008	17	105	111	216
2008	18	101	97	198
2008	19	87	66	153
2008	20	57	63	120
2008	21	36	52	88
2008	22	53	48	101
2008	23	40	25	65
2008	24	46	55	101
2008	25	45	33	78
2008	26	42	45	87
2008	27	43	18	61
2008	28	32	30	62
2008	29	33	37	70
2008	30	27	34	61
2008	31	34	45	79
2008	32	36	44	80
2008	33	53	53	106
2008	34	53	66	119
2008	35	53	87	140
2008	36	66	95	161
2008	37	73	113	186
2008	38	94	103	197
2008	39	95	129	224
2008	40	122	140	262
2008	41	124	142	266
2008	42	116	143	259
2008	43	128	146	274
2008	44	117	136	253
2008	45	142	130	272
2008	46	134	153	287
2008	47	146	159	305
2008	48	133	145	278
2008	49	131	126	257
2008	50	133	143	276
2008	51	131	136	267
2008	52	133	135	268
2008	53	113	141	254
2008	54	132	113	245
2008	55	117	122	239
2008	56	123	127	250
2008	57	140	110	250
2008	58	147	148	295
2008	59	121	156	277
2008	60	158	160	318
2008	61	173	179	352
2008	62	115	107	222
2008	63	117	117	234
2008	64	101	114	215
2008	65	109	104	213
2008	66	102	83	185
2008	67	87	108	195
2008	68	81	95	176
2008	69	91	83	174
2008	70	70	78	148
2008	71	74	66	140
2008	72	70	78	148
2008	73	75	74	149
2008	74	63	92	155
2008	75	57	116	173
2008	76	56	90	146
2008	77	59	81	140
2008	78	63	79	142
2008	79	49	64	113
2008	80	47	78	125
2008	81	46	84	130
2008	82	38	76	114
2008	83	45	71	116
2008	84	32	55	87
2008	85	29	79	108
2008	86	31	83	114
2008	87	24	78	102
2008	88	21	48	69
2008	89	15	32	47
2008	90	13	40	53
2008	91	9	36	45
2008	92	15	31	46
2008	93	5	27	32
2008	94	4	23	27
2008	95	0	0	0
2008	96	0	0	0
2008	97	0	0	0
2008	98	0	0	0
2008	99	0	0	0
2008	100	0	0	0
2008	101	0	0	0
2008	102	0	0	0
2008	103	0	0	0
2008	104	0	0	0
2008	105  of ouder	0	0	0
2008	95  of ouder	6	47	53
2008	Totaal	7930	8943	
Totaal 2008		15860	17886	16873
2009	0	84	66	150
2009	1	101	81	182
2009	2	102	104	206
2009	3	120	124	244
2009	4	129	161	290
2009	5	141	134	275
2009	6	133	166	299
2009	7	159	146	305
2009	8	172	157	329
2009	9	158	165	323
2009	10	167	159	326
2009	11	170	150	320
2009	12	156	153	309
2009	13	158	159	317
2009	14	168	142	310
2009	15	158	155	313
2009	16	133	145	278
2009	17	145	146	291
2009	18	133	120	253
2009	19	98	91	189
2009	20	92	63	155
2009	21	71	62	133
2009	22	60	68	128
2009	23	50	54	104
2009	24	47	39	86
2009	25	49	56	105
2009	26	51	56	107
2009	27	59	55	114
2009	28	53	33	86
2009	29	35	42	77
2009	30	46	46	92
2009	31	31	50	81
2009	32	52	60	112
2009	33	55	75	130
2009	34	66	80	146
2009	35	80	99	179
2009	36	88	127	215
2009	37	108	126	234
2009	38	111	150	261
2009	39	138	146	284
2009	40	128	175	303
2009	41	160	184	344
2009	42	166	190	356
2009	43	167	190	357
2009	44	177	197	374
2009	45	162	188	350
2009	46	186	174	360
2009	47	176	188	364
2009	48	179	190	369
2009	49	166	196	362
2009	50	172	167	339
2009	51	181	178	359
2009	52	171	174	345
2009	53	166	166	332
2009	54	148	175	323
2009	55	158	150	308
2009	56	140	161	301
2009	57	157	177	334
2009	58	173	149	322
2009	59	190	193	383
2009	60	171	190	361
2009	61	209	198	407
2009	62	225	233	458
2009	63	124	142	266
2009	64	157	150	307
2009	65	137	143	280
2009	66	130	138	268
2009	67	134	113	247
2009	68	110	146	256
2009	69	106	142	248
2009	70	121	117	238
2009	71	107	109	216
2009	72	104	107	211
2009	73	97	101	198
2009	74	92	108	200
2009	75	84	116	200
2009	76	84	143	227
2009	77	69	133	202
2009	78	86	111	197
2009	79	75	108	183
2009	80	68	93	161
2009	81	61	105	166
2009	82	62	117	179
2009	83	53	105	158
2009	84	67	93	160
2009	85	38	83	121
2009	86	39	93	132
2009	87	36	93	129
2009	88	28	87	115
2009	89	24	57	81
2009	90	12	39	51
2009	91	10	42	52
2009	92	6	30	36
2009	93	13	33	46
2009	94	4	19	23
2009	95	0	0	0
2009	96	0	0	0
2009	97	0	0	0
2009	98	0	0	0
2009	99	0	0	0
2009	100	0	0	0
2009	101	0	0	0
2009	102	0	0	0
2009	103	0	0	0
2009	104	0	0	0
2009	105  of ouder	0	0	0
2009	95  of ouder	9	57	66
2009	Totaal	10402	11667	
Totaal 2009		20804	23334	22069
2010	0	80	87	167
2010	1	87	75	162
2010	2	108	86	194
2010	3	109	109	218
2010	4	126	126	252
2010	5	141	166	307
2010	6	143	138	281
2010	7	136	171	307
2010	8	165	153	318
2010	9	174	163	337
2010	10	156	166	322
2010	11	168	166	334
2010	12	171	152	323
2010	13	157	156	313
2010	14	158	165	323
2010	15	165	142	307
2010	16	165	153	318
2010	17	131	142	273
2010	18	132	127	259
2010	19	108	93	201
2010	20	83	67	150
2010	21	71	57	128
2010	22	64	57	121
2010	23	56	53	109
2010	24	48	52	100
2010	25	43	36	79
2010	26	42	40	82
2010	27	50	45	95
2010	28	46	52	98
2010	29	52	37	89
2010	30	33	49	82
2010	31	50	49	99
2010	32	33	50	83
2010	33	53	72	125
2010	34	56	77	133
2010	35	74	81	155
2010	36	80	99	179
2010	37	88	129	217
2010	38	120	135	255
2010	39	112	154	266
2010	40	145	155	300
2010	41	135	177	312
2010	42	167	188	355
2010	43	167	193	360
2010	44	170	194	364
2010	45	180	200	380
2010	46	173	189	362
2010	47	188	176	364
2010	48	185	194	379
2010	49	178	189	367
2010	50	168	192	360
2010	51	169	165	334
2010	52	181	175	356
2010	53	172	175	347
2010	54	169	164	333
2010	55	150	168	318
2010	56	157	149	306
2010	57	140	162	302
2010	58	156	179	335
2010	59	172	150	322
2010	60	190	192	382
2010	61	171	185	356
2010	62	213	197	410
2010	63	227	233	460
2010	64	121	137	258
2010	65	151	145	296
2010	66	138	143	281
2010	67	130	134	264
2010	68	131	111	242
2010	69	112	143	255
2010	70	105	142	247
2010	71	115	114	229
2010	72	105	106	211
2010	73	100	106	206
2010	74	96	100	196
2010	75	87	103	190
2010	76	79	114	193
2010	77	78	141	219
2010	78	67	133	200
2010	79	79	107	186
2010	80	73	107	180
2010	81	68	89	157
2010	82	56	100	156
2010	83	58	121	179
2010	84	51	101	152
2010	85	60	87	147
2010	86	36	78	114
2010	87	31	89	120
2010	88	36	89	125
2010	89	24	82	106
2010	90	22	44	66
2010	91	10	38	48
2010	92	8	33	41
2010	93	4	32	36
2010	94	11	23	34
2010	95	0	0	0
2010	96	0	0	0
2010	97	0	0	0
2010	98	0	0	0
2010	99	0	0	0
2010	100	0	0	0
2010	101	0	0	0
2010	102	0	0	0
2010	103	0	0	0
2010	104	0	0	0
2010	105  of ouder	0	0	0
2010	95  of ouder	7	57	64
2010	Totaal	10406	11617	
Totaal 2010		20812	23234	22023
2011	0	85	69	154
2011	1	89	92	181
2011	2	101	80	181
2011	3	113	93	206
2011	4	116	110	226
2011	5	133	129	262
2011	6	145	164	309
2011	7	148	139	287
2011	8	141	176	317
2011	9	174	157	331
2011	10	176	163	339
2011	11	160	167	327
2011	12	173	168	341
2011	13	174	154	328
2011	14	158	155	313
2011	15	157	167	324
2011	16	163	139	302
2011	17	162	156	318
2011	18	122	123	245
2011	19	115	103	218
2011	20	83	66	149
2011	21	70	52	122
2011	22	60	49	109
2011	23	63	47	110
2011	24	50	49	99
2011	25	39	40	79
2011	26	46	37	83
2011	27	39	39	78
2011	28	39	43	82
2011	29	41	51	92
2011	30	54	38	92
2011	31	41	46	87
2011	32	53	54	107
2011	33	41	63	104
2011	34	70	81	151
2011	35	64	85	149
2011	36	79	85	164
2011	37	82	102	184
2011	38	93	134	227
2011	39	128	145	273
2011	40	115	161	276
2011	41	149	160	309
2011	42	141	183	324
2011	43	171	191	362
2011	44	175	197	372
2011	45	172	194	366
2011	46	185	200	385
2011	47	173	190	363
2011	48	189	178	367
2011	49	181	191	372
2011	50	186	188	374
2011	51	172	187	359
2011	52	169	167	336
2011	53	180	177	357
2011	54	177	177	354
2011	55	170	164	334
2011	56	151	173	324
2011	57	158	149	307
2011	58	138	159	297
2011	59	151	178	329
2011	60	169	148	317
2011	61	187	190	377
2011	62	170	187	357
2011	63	206	189	395
2011	64	224	233	457
2011	65	120	137	257
2011	66	150	143	293
2011	67	138	142	280
2011	68	130	134	264
2011	69	130	111	241
2011	70	106	147	253
2011	71	101	142	243
2011	72	111	112	223
2011	73	101	106	207
2011	74	96	108	204
2011	75	95	102	197
2011	76	89	103	192
2011	77	75	114	189
2011	78	74	142	216
2011	79	67	132	199
2011	80	75	99	174
2011	81	69	102	171
2011	82	64	91	155
2011	83	56	94	150
2011	84	52	120	172
2011	85	44	94	138
2011	86	50	79	129
2011	87	33	71	104
2011	88	27	86	113
2011	89	30	89	119
2011	90	24	82	106
2011	91	22	36	58
2011	92	6	29	35
2011	93	7	29	36
2011	94	3	25	28
2011	95	0	0	0
2011	96	0	0	0
2011	97	0	0	0
2011	98	0	0	0
2011	99	0	0	0
2011	100	0	0	0
2011	101	0	0	0
2011	102	0	0	0
2011	103	0	0	0
2011	104	0	0	0
2011	105  of ouder	0	0	0
2011	95  of ouder	11	62	73
2011	Totaal	10455	11584	
Totaal 2011		20910	23168	22039
2012	0	60	67	127
2012	1	97	77	174
2012	2	101	98	199
2012	3	112	93	205
2012	4	116	99	215
2012	5	124	112	236
2012	6	133	132	265
2012	7	155	169	324
2012	8	151	144	295
2012	9	147	186	333
2012	10	176	160	336
2012	11	183	167	350
2012	12	165	166	331
2012	13	175	165	340
2012	14	171	153	324
2012	15	158	153	311
2012	16	158	166	324
2012	17	158	140	298
2012	18	148	139	287
2012	19	105	105	210
2012	20	103	77	180
2012	21	76	53	129
2012	22	64	51	115
2012	23	57	49	106
2012	24	62	48	110
2012	25	39	43	82
2012	26	41	46	87
2012	27	50	41	91
2012	28	37	36	73
2012	29	43	46	89
2012	30	44	52	96
2012	31	50	40	90
2012	32	47	54	101
2012	33	56	59	115
2012	34	41	73	114
2012	35	72	84	156
2012	36	69	87	156
2012	37	88	101	189
2012	38	82	95	177
2012	39	97	138	235
2012	40	129	147	276
2012	41	117	167	284
2012	42	154	169	323
2012	43	142	192	334
2012	44	173	187	360
2012	45	173	200	373
2012	46	172	195	367
2012	47	186	205	391
2012	48	173	183	356
2012	49	192	177	369
2012	50	182	196	378
2012	51	183	186	369
2012	52	174	183	357
2012	53	169	168	337
2012	54	178	180	358
2012	55	177	170	347
2012	56	165	160	325
2012	57	151	175	326
2012	58	161	149	310
2012	59	141	162	303
2012	60	154	172	326
2012	61	165	150	315
2012	62	183	193	376
2012	63	173	181	354
2012	64	208	190	398
2012	65	221	234	455
2012	66	116	136	252
2012	67	150	140	290
2012	68	136	139	275
2012	69	130	136	266
2012	70	129	109	238
2012	71	106	142	248
2012	72	100	141	241
2012	73	108	110	218
2012	74	100	103	203
2012	75	93	101	194
2012	76	91	104	195
2012	77	88	105	193
2012	78	71	113	184
2012	79	76	138	214
2012	80	63	130	193
2012	81	70	97	167
2012	82	66	99	165
2012	83	65	91	156
2012	84	53	96	149
2012	85	47	110	157
2012	86	39	85	124
2012	87	45	73	118
2012	88	31	64	95
2012	89	28	73	101
2012	90	26	78	104
2012	91	20	76	96
2012	92	16	29	45
2012	93	4	24	28
2012	94	8	22	30
2012	95	0	0	0
2012	96	0	0	0
2012	97	0	0	0
2012	98	0	0	0
2012	99	0	0	0
2012	100	0	0	0
2012	101	0	0	0
2012	102	0	0	0
2012	103	0	0	0
2012	104	0	0	0
2012	105  of ouder	0	0	0
2012	95  of ouder	12	63	75
2012	Totaal	10494	11562	
Totaal 2012		20988	23124	22056
2013	0	60	67	127
2013	1	71	71	142
2013	2	101	95	196
2013	3	109	111	220
2013	4	121	103	224
2013	5	120	103	223
2013	6	121	120	241
2013	7	137	144	281
2013	8	160	168	328
2013	9	156	150	306
2013	10	146	185	331
2013	11	179	160	339
2013	12	182	167	349
2013	13	170	167	337
2013	14	175	165	340
2013	15	172	155	327
2013	16	162	152	314
2013	17	157	162	319
2013	18	150	132	282
2013	19	130	109	239
2013	20	78	82	160
2013	21	84	62	146
2013	22	74	43	117
2013	23	55	46	101
2013	24	61	63	124
2013	25	49	47	96
2013	26	34	39	73
2013	27	39	42	81
2013	28	42	43	85
2013	29	38	40	78
2013	30	43	49	92
2013	31	51	58	109
2013	32	53	50	103
2013	33	53	59	112
2013	34	58	70	128
2013	35	47	80	127
2013	36	72	89	161
2013	37	73	97	170
2013	38	90	106	196
2013	39	84	100	184
2013	40	102	145	247
2013	41	135	150	285
2013	42	132	170	302
2013	43	161	166	327
2013	44	148	200	348
2013	45	176	190	366
2013	46	185	201	386
2013	47	175	194	369
2013	48	186	204	390
2013	49	173	189	362
2013	50	190	174	364
2013	51	185	199	384
2013	52	193	187	380
2013	53	172	178	350
2013	54	172	171	343
2013	55	178	182	360
2013	56	172	171	343
2013	57	166	167	333
2013	58	148	178	326
2013	59	163	148	311
2013	60	139	161	300
2013	61	153	176	329
2013	62	169	147	316
2013	63	175	194	369
2013	64	173	181	354
2013	65	210	190	400
2013	66	221	238	459
2013	67	118	140	258
2013	68	151	138	289
2013	69	129	143	272
2013	70	130	139	269
2013	71	129	111	240
2013	72	108	140	248
2013	73	101	144	245
2013	74	108	112	220
2013	75	99	106	205
2013	76	97	100	197
2013	77	90	107	197
2013	78	86	106	192
2013	79	70	116	186
2013	80	72	140	212
2013	81	60	126	186
2013	82	69	92	161
2013	83	62	95	157
2013	84	62	93	155
2013	85	49	92	141
2013	86	45	107	152
2013	87	34	85	119
2013	88	41	64	105
2013	89	29	60	89
2013	90	26	66	92
2013	91	17	71	88
2013	92	17	59	76
2013	93	14	27	41
2013	94	2	18	20
2013	95	0	0	0
2013	96	0	0	0
2013	97	0	0	0
2013	98	0	0	0
2013	99	0	0	0
2013	100	0	0	0
2013	101	0	0	0
2013	102	0	0	0
2013	103	0	0	0
2013	104	0	0	0
2013	105  of ouder	0	0	0
2013	95  of ouder	12	60	72
2013	Totaal	10536	11659	
Totaal 2013		21072	23318	22195
2014	0	56	54	110
2014	1	69	65	134
2014	2	87	85	172
2014	3	110	104	214
2014	4	112	121	233
2014	5	124	106	230
2014	6	126	104	230
2014	7	125	125	250
2014	8	140	144	284
2014	9	161	172	333
2014	10	159	151	310
2014	11	145	184	329
2014	12	176	159	335
2014	13	180	167	347
2014	14	176	169	345
2014	15	177	165	342
2014	16	174	155	329
2014	17	160	150	310
2014	18	145	138	283
2014	19	114	99	213
2014	20	98	79	177
2014	21	61	77	138
2014	22	71	55	126
2014	23	71	47	118
2014	24	56	43	99
2014	25	49	66	115
2014	26	53	43	96
2014	27	30	33	63
2014	28	35	46	81
2014	29	48	50	98
2014	30	41	41	82
2014	31	44	49	93
2014	32	57	62	119
2014	33	63	53	116
2014	34	57	69	126
2014	35	66	79	145
2014	36	54	79	133
2014	37	81	101	182
2014	38	83	105	188
2014	39	89	109	198
2014	40	91	103	194
2014	41	109	149	258
2014	42	136	156	292
2014	43	129	178	307
2014	44	168	170	338
2014	45	149	201	350
2014	46	180	190	370
2014	47	182	200	382
2014	48	170	191	361
2014	49	185	206	391
2014	50	176	189	365
2014	51	189	174	363
2014	52	182	197	379
2014	53	193	186	379
2014	54	172	177	349
2014	55	174	171	345
2014	56	184	180	364
2014	57	174	170	344
2014	58	160	164	324
2014	59	149	181	330
2014	60	164	146	310
2014	61	138	162	300
2014	62	152	175	327
2014	63	165	140	305
2014	64	172	190	362
2014	65	167	179	346
2014	66	213	186	399
2014	67	219	240	459
2014	68	118	139	257
2014	69	145	138	283
2014	70	127	141	268
2014	71	125	137	262
2014	72	122	110	232
2014	73	110	141	251
2014	74	100	143	243
2014	75	105	109	214
2014	76	95	105	200
2014	77	93	98	191
2014	78	91	107	198
2014	79	81	105	186
2014	80	66	115	181
2014	81	70	126	196
2014	82	57	121	178
2014	83	64	91	155
2014	84	59	91	150
2014	85	50	93	143
2014	86	46	80	126
2014	87	36	94	130
2014	88	32	81	113
2014	89	36	59	95
2014	90	25	59	84
2014	91	23	56	79
2014	92	16	62	78
2014	93	13	43	56
2014	94	10	19	29
2014	95	0	0	0
2014	96	0	0	0
2014	97	0	0	0
2014	98	0	0	0
2014	99	0	0	0
2014	100	0	0	0
2014	101	0	0	0
2014	102	0	0	0
2014	103	0	0	0
2014	104	0	0	0
2014	105  of ouder	0	0	0
2014	95  of ouder	9	53	62
2014	Totaal	10489	11570	
Totaal 2014		20978	23140	22059
2015	0	65	78	143
2015	1	80	71	151
2015	2	87	76	163
2015	3	105	101	206
2015	4	125	122	247
2015	5	118	135	253
2015	6	127	117	244
2015	7	139	115	254
2015	8	135	128	263
2015	9	147	152	299
2015	10	168	179	347
2015	11	165	154	319
2015	12	147	189	336
2015	13	176	158	334
2015	14	187	167	354
2015	15	172	171	343
2015	16	178	165	343
2015	17	176	154	330
2015	18	149	132	281
2015	19	117	100	217
2015	20	97	83	180
2015	21	89	57	146
2015	22	53	73	126
2015	23	71	61	132
2015	24	66	56	122
2015	25	52	49	101
2015	26	48	62	110
2015	27	54	43	97
2015	28	33	44	77
2015	29	31	50	81
2015	30	48	52	100
2015	31	41	48	89
2015	32	42	62	104
2015	33	66	70	136
2015	34	78	71	149
2015	35	62	80	142
2015	36	72	95	167
2015	37	66	92	158
2015	38	94	117	211
2015	39	92	116	208
2015	40	105	117	222
2015	41	93	114	207
2015	42	120	158	278
2015	43	136	159	295
2015	44	136	179	315
2015	45	182	175	357
2015	46	155	204	359
2015	47	189	194	383
2015	48	179	205	384
2015	49	170	186	356
2015	50	185	202	387
2015	51	176	191	367
2015	52	188	174	362
2015	53	181	196	377
2015	54	194	186	380
2015	55	170	176	346
2015	56	171	169	340
2015	57	181	180	361
2015	58	169	165	334
2015	59	160	165	325
2015	60	149	181	330
2015	61	160	146	306
2015	62	131	164	295
2015	63	152	175	327
2015	64	165	140	305
2015	65	170	187	357
2015	66	162	176	338
2015	67	207	180	387
2015	68	217	236	453
2015	69	115	136	251
2015	70	144	134	278
2015	71	124	138	262
2015	72	128	136	264
2015	73	122	110	232
2015	74	108	141	249
2015	75	96	133	229
2015	76	107	108	215
2015	77	94	99	193
2015	78	88	94	182
2015	79	86	104	190
2015	80	77	101	178
2015	81	62	111	173
2015	82	65	114	179
2015	83	56	110	166
2015	84	63	88	151
2015	85	49	82	131
2015	86	47	86	133
2015	87	36	71	107
2015	88	34	85	119
2015	89	25	76	101
2015	90	26	52	78
2015	91	20	53	73
2015	92	20	48	68
2015	93	14	43	57
2015	94	9	30	39
2015	95	7	10	17
2015	96	1	9	10
2015	97	3	10	13
2015	98	0	10	10
2015	99	1	4	5
2015	100	0	1	1
2015	101	0	1	1
2015	102	0	2	2
2015	103	0	1	1
2015	104	0	2	2
2015	105  of ouder	0	0	0
2015	95  of ouder	12	50	62
2015	Totaal	10598	11658	
Totaal 2015		21208	23366	22318
2016	0	79	54	133
2016	1	75	92	167
2016	2	107	73	180
2016	3	102	88	190
2016	4	120	115	235
2016	5	135	130	265
2016	6	136	139	275
2016	7	140	128	268
2016	8	139	117	256
2016	9	145	136	281
2016	10	156	151	307
2016	11	169	179	348
2016	12	160	154	314
2016	13	148	189	337
2016	14	177	159	336
2016	15	188	173	361
2016	16	167	170	337
2016	17	174	160	334
2016	18	171	143	314
2016	19	138	101	239
2016	20	109	80	189
2016	21	84	70	154
2016	22	71	58	129
2016	23	46	69	115
2016	24	68	59	127
2016	25	61	48	109
2016	26	52	51	103
2016	27	41	50	91
2016	28	50	45	95
2016	29	33	38	71
2016	30	31	51	82
2016	31	46	56	102
2016	32	45	60	105
2016	33	50	61	111
2016	34	73	76	149
2016	35	93	81	174
2016	36	71	91	162
2016	37	77	103	180
2016	38	82	109	191
2016	39	104	129	233
2016	40	104	132	236
2016	41	121	130	251
2016	42	105	126	231
2016	43	131	167	298
2016	44	142	166	308
2016	45	136	183	319
2016	46	191	178	369
2016	47	164	204	368
2016	48	190	189	379
2016	49	181	203	384
2016	50	166	187	353
2016	51	187	202	389
2016	52	169	195	364
2016	53	188	172	360
2016	54	180	197	377
2016	55	193	181	374
2016	56	163	174	337
2016	57	171	165	336
2016	58	181	181	362
2016	59	164	156	320
2016	60	162	158	320
2016	61	144	173	317
2016	62	156	142	298
2016	63	129	159	288
2016	64	145	173	318
2016	65	164	137	301
2016	66	163	183	346
2016	67	159	180	339
2016	68	206	176	382
2016	69	209	232	441
2016	70	114	136	250
2016	71	145	131	276
2016	72	121	138	259
2016	73	126	135	261
2016	74	118	110	228
2016	75	109	136	245
2016	76	91	130	221
2016	77	99	109	208
2016	78	90	99	189
2016	79	90	92	182
2016	80	83	98	181
2016	81	69	89	158
2016	82	58	107	165
2016	83	61	103	164
2016	84	51	108	159
2016	85	53	81	134
2016	86	42	79	121
2016	87	46	80	126
2016	88	29	61	90
2016	89	30	62	92
2016	90	25	66	91
2016	91	18	44	62
2016	92	11	46	57
2016	93	11	41	52
2016	94	14	34	48
2016	95	5	22	27
2016	96	5	7	12
2016	97	0	7	7
2016	98	1	5	6
2016	99	0	5	5
2016	100	0	1	1
2016	101	0	0	0
2016	102	0	1	1
2016	103	0	1	1
2016	104	0	1	1
2016	105  of ouder	0	2	2
2016	95  of ouder	11	52	63
2016	Totaal	10692	11604	
Totaal 2016		21395	23260	22359
2017	0	75	67	142
2017	1	91	67	158
2017	2	104	119	223
2017	3	131	85	216
2017	4	128	102	230
2017	5	138	128	266
2017	6	157	135	292
2017	7	142	159	301
2017	8	150	137	287
2017	9	150	120	270
2017	10	161	146	307
2017	11	162	160	322
2017	12	174	189	363
2017	13	161	165	326
2017	14	153	191	344
2017	15	179	161	340
2017	16	193	176	369
2017	17	169	176	345
2017	18	169	152	321
2017	19	157	132	289
2017	20	114	83	197
2017	21	90	74	164
2017	22	83	69	152
2017	23	71	56	127
2017	24	50	68	118
2017	25	65	61	126
2017	26	62	40	102
2017	27	57	43	100
2017	28	50	61	111
2017	29	41	45	86
2017	30	46	50	96
2017	31	39	57	96
2017	32	51	68	119
2017	33	51	67	118
2017	34	62	79	141
2017	35	91	88	179
2017	36	93	95	188
2017	37	84	102	186
2017	38	94	116	210
2017	39	85	115	200
2017	40	116	148	264
2017	41	115	139	254
2017	42	126	154	280
2017	43	120	131	251
2017	44	134	177	311
2017	45	157	175	332
2017	46	147	184	331
2017	47	203	182	385
2017	48	171	210	381
2017	49	188	196	384
2017	50	186	206	392
2017	51	168	184	352
2017	52	190	203	393
2017	53	177	199	376
2017	54	188	174	362
2017	55	181	191	372
2017	56	194	181	375
2017	57	160	176	336
2017	58	166	161	327
2017	59	175	176	351
2017	60	168	154	322
2017	61	159	153	312
2017	62	147	169	316
2017	63	149	144	293
2017	64	132	152	284
2017	65	141	172	313
2017	66	163	138	301
2017	67	163	185	348
2017	68	149	179	328
2017	69	207	173	380
2017	70	204	230	434
2017	71	109	136	245
2017	72	141	131	272
2017	73	116	136	252
2017	74	124	131	255
2017	75	116	104	220
2017	76	105	133	238
2017	77	88	129	217
2017	78	95	104	199
2017	79	87	96	183
2017	80	88	91	179
2017	81	80	97	177
2017	82	69	90	159
2017	83	48	103	151
2017	84	57	98	155
2017	85	46	102	148
2017	86	47	78	125
2017	87	38	81	119
2017	88	43	73	116
2017	89	20	56	76
2017	90	28	55	83
2017	91	21	59	80
2017	92	17	39	56
2017	93	7	36	43
2017	94	11	30	41
2017	95	9	25	34
2017	96	4	13	17
2017	97	4	5	9
2017	98	0	4	4
2017	99	0	2	2
2017	100	0	1	1
2017	101	0	0	0
2017	102	0	0	0
2017	103	0	1	1
2017	104	0	0	0
2017	105  of ouder	0	2	2
2017	95  of ouder	17	53	70
2017	Totaal	10985	11841	
Totaal 2017		21987	23735	22896
2018	0	73	78	151
2018	1	88	86	174
2018	2	104	85	189
2018	3	120	137	257
2018	4	153	109	262
2018	5	147	115	262
2018	6	149	143	292
2018	7	171	148	319
2018	8	157	166	323
2018	9	159	141	300
2018	10	161	126	287
2018	11	164	152	316
2018	12	173	167	340
2018	13	177	192	369
2018	14	168	166	334
2018	15	159	190	349
2018	16	177	161	338
2018	17	195	173	368
2018	18	159	158	317
2018	19	154	132	286
2018	20	130	108	238
2018	21	93	84	177
2018	22	79	68	147
2018	23	68	55	123
2018	24	72	61	133
2018	25	41	58	99
2018	26	63	66	129
2018	27	56	46	102
2018	28	51	39	90
2018	29	47	59	106
2018	30	42	48	90
2018	31	45	56	101
2018	32	48	72	120
2018	33	56	73	129
2018	34	55	73	128
2018	35	75	89	164
2018	36	110	98	208
2018	37	100	113	213
2018	38	95	118	213
2018	39	106	128	234
2018	40	93	140	233
2018	41	132	158	290
2018	42	134	146	280
2018	43	132	166	298
2018	44	127	140	267
2018	45	146	181	327
2018	46	166	184	350
2018	47	155	191	346
2018	48	211	189	400
2018	49	173	207	380
2018	50	189	195	384
2018	51	188	209	397
2018	52	168	181	349
2018	53	191	199	390
2018	54	179	197	376
2018	55	188	168	356
2018	56	175	191	366
2018	57	190	177	367
2018	58	162	173	335
2018	59	163	157	320
2018	60	164	173	337
2018	61	163	151	314
2018	62	155	153	308
2018	63	148	168	316
2018	64	149	147	296
2018	65	132	142	274
2018	66	137	170	307
2018	67	159	137	296
2018	68	157	186	343
2018	69	147	187	334
2018	70	207	173	380
2018	71	210	228	438
2018	72	107	136	243
2018	73	137	131	268
2018	74	116	139	255
2018	75	124	129	253
2018	76	115	109	224
2018	77	101	124	225
2018	78	88	133	221
2018	79	86	102	188
2018	80	86	96	182
2018	81	84	91	175
2018	82	76	94	170
2018	83	67	85	152
2018	84	50	100	150
2018	85	55	93	148
2018	86	44	89	133
2018	87	49	71	120
2018	88	34	79	113
2018	89	41	63	104
2018	90	17	49	66
2018	91	22	41	63
2018	92	17	54	71
2018	93	10	36	46
2018	94	5	22	27
2018	95	6	20	26
2018	96	6	19	25
2018	97	5	12	17
2018	98	3	4	7
2018	99	0	3	3
2018	100	0	2	2
2018	101	0	0	0
2018	102	0	0	0
2018	103	0	0	0
2018	104	0	0	0
2018	105  of ouder	0	0	0
2018	95  of ouder	20	60	80
2018	Totaal	11181	12027	
Totaal 2018		22382	24114	23288
2019	0	78	72	150
2019	1	87	82	169
2019	2	96	97	193
2019	3	109	98	207
2019	4	128	141	269
2019	5	162	113	275
2019	6	151	116	267
2019	7	158	150	308
2019	8	179	160	339
2019	9	169	172	341
2019	10	169	144	313
2019	11	167	132	299
2019	12	165	155	320
2019	13	176	171	347
2019	14	180	193	373
2019	15	169	165	334
2019	16	161	194	355
2019	17	179	168	347
2019	18	184	161	345
2019	19	139	134	273
2019	20	127	104	231
2019	21	114	91	205
2019	22	87	69	156
2019	23	75	60	135
2019	24	75	58	133
2019	25	66	48	114
2019	26	44	60	104
2019	27	61	66	127
2019	28	52	51	103
2019	29	43	36	79
2019	30	53	60	113
2019	31	45	59	104
2019	32	60	64	124
2019	33	54	80	134
2019	34	60	89	149
2019	35	59	77	136
2019	36	79	92	171
2019	37	116	102	218
2019	38	109	125	234
2019	39	102	131	233
2019	40	119	138	257
2019	41	98	141	239
2019	42	142	162	304
2019	43	138	151	289
2019	44	139	170	309
2019	45	133	147	280
2019	46	151	185	336
2019	47	172	192	364
2019	48	163	187	350
2019	49	210	187	397
2019	50	170	210	380
2019	51	189	194	383
2019	52	194	212	406
2019	53	172	185	357
2019	54	190	199	389
2019	55	173	193	366
2019	56	189	168	357
2019	57	184	193	377
2019	58	190	178	368
2019	59	159	169	328
2019	60	160	163	323
2019	61	168	170	338
2019	62	152	146	298
2019	63	155	153	308
2019	64	146	165	311
2019	65	148	142	290
2019	66	132	142	274
2019	67	143	173	316
2019	68	157	134	291
2019	69	163	178	341
2019	70	149	192	341
2019	71	202	178	380
2019	72	205	230	435
2019	73	106	133	239
2019	74	138	135	273
2019	75	118	134	252
2019	76	120	130	250
2019	77	110	115	225
2019	78	100	121	221
2019	79	91	127	218
2019	80	82	98	180
2019	81	86	89	175
2019	82	78	87	165
2019	83	72	91	163
2019	84	64	84	148
2019	85	41	96	137
2019	86	56	88	144
2019	87	44	85	129
2019	88	43	68	111
2019	89	26	73	99
2019	90	31	57	88
2019	91	16	40	56
2019	92	19	38	57
2019	93	17	44	61
2019	94	9	25	34
2019	95	1	13	14
2019	96	3	19	22
2019	97	3	16	19
2019	98	3	7	10
2019	99	2	3	5
2019	100	0	3	3
2019	101	0	3	3
2019	102	0	0	0
2019	103	0	0	0
2019	104	0	0	0
2019	105  of ouder	0	0	0
2019	95  of ouder	12	64	76
2019	Totaal	11321	12089	
Totaal 2019		22654	24242	23486
2020	0	74	67	141
2020	1	88	72	160
2020	2	98	91	189
2020	3	108	107	215
2020	4	115	109	224
2020	5	127	159	286
2020	6	174	120	294
2020	7	159	119	278
2020	8	165	155	320
2020	9	184	166	350
2020	10	176	181	357
2020	11	174	154	328
2020	12	169	137	306
2020	13	167	162	329
2020	14	185	179	364
2020	15	178	199	377
2020	16	166	172	338
2020	17	159	192	351
2020	18	164	169	333
2020	19	156	137	293
2020	20	126	101	227
2020	21	105	94	199
2020	22	97	69	166
2020	23	75	64	139
2020	24	72	57	129
2020	25	72	53	125
2020	26	53	42	95
2020	27	43	62	105
2020	28	58	57	115
2020	29	54	47	101
2020	30	41	46	87
2020	31	53	61	114
2020	32	47	60	107
2020	33	53	60	113
2020	34	56	86	142
2020	35	68	100	168
2020	36	65	86	151
2020	37	81	95	176
2020	38	118	104	222
2020	39	120	139	259
2020	40	111	143	254
2020	41	130	147	277
2020	42	104	155	259
2020	43	146	169	315
2020	44	147	153	300
2020	45	148	169	317
2020	46	134	160	294
2020	47	165	188	353
2020	48	173	191	364
2020	49	163	187	350
2020	50	216	183	399
2020	51	183	212	395
2020	52	194	194	388
2020	53	189	212	401
2020	54	172	188	360
2020	55	188	203	391
2020	56	174	192	366
2020	57	188	174	362
2020	58	181	190	371
2020	59	189	181	370
2020	60	161	174	335
2020	61	160	162	322
2020	62	165	174	339
2020	63	154	140	294
2020	64	156	152	308
2020	65	143	164	307
2020	66	147	141	288
2020	67	133	142	275
2020	68	144	168	312
2020	69	155	138	293
2020	70	165	171	336
2020	71	146	191	337
2020	72	197	174	371
2020	73	201	219	420
2020	74	105	133	238
2020	75	133	142	275
2020	76	114	133	247
2020	77	116	129	245
2020	78	108	116	224
2020	79	93	118	211
2020	80	90	126	216
2020	81	81	100	181
2020	82	82	91	173
2020	83	72	84	156
2020	84	68	84	152
2020	85	56	82	138
2020	86	43	89	132
2020	87	54	86	140
2020	88	46	76	122
2020	89	38	68	106
2020	90	25	66	91
2020	91	29	52	81
2020	92	19	34	53
2020	93	12	38	50
2020	94	15	33	48
2020	95	10	20	30
2020	96	1	13	14
2020	97	2	15	17
2020	98	2	11	13
2020	99	3	6	9
2020	100	2	3	5
2020	101	0	4	4
2020	102	0	4	4
2020	103	0	0	0
2020	104	0	0	0
2020	105  of ouder	0	0	0
2020	95  of ouder	20	76	96
2020	Totaal	11384	12187	
Totaal 2020		22788	24450	23667
2021	0	55	55	110
2021	1	90	75	165
2021	2	95	77	172
2021	3	111	96	207
2021	4	115	111	226
2021	5	129	114	243
2021	6	129	164	293
2021	7	188	122	310
2021	8	166	131	297
2021	9	174	165	339
2021	10	186	169	355
2021	11	180	192	372
2021	12	185	150	335
2021	13	172	144	316
2021	14	168	161	329
2021	15	190	185	375
2021	16	181	199	380
2021	17	167	172	339
2021	18	146	173	319
2021	19	148	129	277
2021	20	118	110	228
2021	21	99	71	170
2021	22	91	76	167
2021	23	77	57	134
2021	24	76	60	136
2021	25	65	50	115
2021	26	54	51	105
2021	27	53	36	89
2021	28	49	64	113
2021	29	51	53	104
2021	30	47	50	97
2021	31	40	56	96
2021	32	60	71	131
2021	33	49	64	113
2021	34	59	70	129
2021	35	68	92	160
2021	36	76	108	184
2021	37	77	95	172
2021	38	93	101	194
2021	39	124	112	236
2021	40	117	141	258
2021	41	115	151	266
2021	42	135	151	286
2021	43	111	161	272
2021	44	151	174	325
2021	45	154	158	312
2021	46	160	174	334
2021	47	141	159	300
2021	48	172	195	367
2021	49	173	188	361
2021	50	163	190	353
2021	51	225	185	410
2021	52	189	206	395
2021	53	190	197	387
2021	54	185	201	386
2021	55	175	191	366
2021	56	185	200	385
2021	57	166	187	353
2021	58	184	171	355
2021	59	181	190	371
2021	60	181	176	357
2021	61	160	170	330
2021	62	160	164	324
2021	63	165	171	336
2021	64	154	138	292
2021	65	152	150	302
2021	66	140	157	297
2021	67	141	139	280
2021	68	136	143	279
2021	69	143	168	311
2021	70	151	141	292
2021	71	166	166	332
2021	72	141	186	327
2021	73	199	170	369
2021	74	198	219	417
2021	75	103	133	236
2021	76	128	134	262
2021	77	110	134	244
2021	78	109	131	240
2021	79	104	113	217
2021	80	86	112	198
2021	81	87	121	208
2021	82	77	95	172
2021	83	77	92	169
2021	84	71	75	146
2021	85	63	85	148
2021	86	50	77	127
2021	87	37	83	120
2021	88	47	77	124
2021	89	43	68	111
2021	90	30	56	86
2021	91	24	60	84
2021	92	23	48	71
2021	93	14	31	45
2021	94	11	34	45
2021	95	13	21	34
2021	96	7	17	24
2021	97	0	8	8
2021	98	1	15	16
2021	99	0	8	8
2021	100	3	3	6
2021	101	1	2	3
2021	102	0	3	3
2021	103	0	3	3
2021	104	0	0	0
2021	105  of ouder	1	0	1
2021	95  of ouder	26	80	106
2021	Totaal	11380	12098	
Totaal 2021		22786	24276	23584
2022	0	73	78	151
2022	1	67	67	134
2022	2	104	90	194
2022	3	106	93	199
2022	4	124	111	235
2022	5	133	114	247
2022	6	136	121	257
2022	7	139	171	310
2022	8	193	123	316
2022	9	175	138	313
2022	10	172	175	347
2022	11	197	177	374
2022	12	187	202	389
2022	13	194	164	358
2022	14	171	147	318
2022	15	173	165	338
2022	16	189	186	375
2022	17	188	204	392
2022	18	161	161	322
2022	19	118	145	263
2022	20	122	98	220
2022	21	104	87	191
2022	22	85	70	155
2022	23	81	63	144
2022	24	64	63	127
2022	25	71	56	127
2022	26	53	42	95
2022	27	47	49	96
2022	28	48	47	95
2022	29	53	64	117
2022	30	44	60	104
2022	31	43	58	101
2022	32	45	53	98
2022	33	68	84	152
2022	34	61	70	131
2022	35	65	93	158
2022	36	81	101	182
2022	37	95	110	205
2022	38	89	109	198
2022	39	108	111	219
2022	40	135	124	259
2022	41	118	145	263
2022	42	122	160	282
2022	43	139	154	293
2022	44	118	168	286
2022	45	165	180	345
2022	46	160	162	322
2022	47	163	181	344
2022	48	143	160	303
2022	49	175	194	369
2022	50	180	186	366
2022	51	160	193	353
2022	52	226	191	417
2022	53	195	205	400
2022	54	194	202	396
2022	55	180	198	378
2022	56	180	193	373
2022	57	187	197	384
2022	58	168	184	352
2022	59	182	166	348
2022	60	177	192	369
2022	61	173	179	352
2022	62	157	174	331
2022	63	153	159	312
2022	64	165	171	336
2022	65	151	133	284
2022	66	153	152	305
2022	67	135	160	295
2022	68	143	141	284
2022	69	131	141	272
2022	70	142	162	304
2022	71	149	137	286
2022	72	158	167	325
2022	73	137	184	321
2022	74	200	173	373
2022	75	194	216	410
2022	76	98	127	225
2022	77	130	135	265
2022	78	111	137	248
2022	79	108	129	237
2022	80	102	105	207
2022	81	82	114	196
2022	82	79	124	203
2022	83	72	95	167
2022	84	72	89	161
2022	85	68	81	149
2022	86	57	79	136
2022	87	48	70	118
2022	88	30	80	110
2022	89	44	65	109
2022	90	43	63	106
2022	91	27	51	78
2022	92	20	52	72
2022	93	22	42	64
2022	94	9	24	33
2022	95	7	28	35
2022	96	10	14	24
2022	97	6	13	19
2022	98	0	6	6
2022	99	0	10	10
2022	100	0	5	5
2022	101	1	3	4
2022	102	1	1	2
2022	103	0	2	2
2022	104	0	1	1
2022	105  of ouder	1	0	1
2022	95  of ouder	26	83	109
2022	Totaal	11483	12249	
Totaal 2022		22992	24581	23841
2023	0	62	80	142
2023	1	84	99	183
2023	2	81	71	152
2023	3	112	92	204
2023	4	108	104	212
2023	5	132	123	255
2023	6	140	119	259
2023	7	141	130	271
2023	8	151	181	332
2023	9	195	126	321
2023	10	185	145	330
2023	11	179	179	358
2023	12	200	182	382
2023	13	191	206	397
2023	14	195	171	366
2023	15	182	157	339
2023	16	178	162	340
2023	17	192	183	375
2023	18	177	196	373
2023	19	133	138	271
2023	20	112	125	237
2023	21	98	79	177
2023	22	97	82	179
2023	23	85	71	156
2023	24	77	72	149
2023	25	65	68	133
2023	26	58	52	110
2023	27	49	42	91
2023	28	48	53	101
2023	29	48	55	103
2023	30	62	56	118
2023	31	42	66	108
2023	32	47	72	119
2023	33	43	66	109
2023	34	76	92	168
2023	35	71	82	153
2023	36	75	108	183
2023	37	82	100	182
2023	38	98	120	218
2023	39	102	115	217
2023	40	115	124	239
2023	41	143	138	281
2023	42	123	152	275
2023	43	128	167	295
2023	44	136	157	293
2023	45	133	172	305
2023	46	165	189	354
2023	47	161	168	329
2023	48	177	182	359
2023	49	145	165	310
2023	50	177	199	376
2023	51	174	190	364
2023	52	153	192	345
2023	53	226	191	417
2023	54	198	207	405
2023	55	197	201	398
2023	56	185	199	384
2023	57	175	191	366
2023	58	189	196	385
2023	59	168	181	349
2023	60	185	161	346
2023	61	172	188	360
2023	62	166	183	349
2023	63	156	173	329
2023	64	156	158	314
2023	65	160	172	332
2023	66	145	134	279
2023	67	155	150	305
2023	68	134	163	297
2023	69	141	139	280
2023	70	123	141	264
2023	71	145	161	306
2023	72	148	135	283
2023	73	154	171	325
2023	74	137	186	323
2023	75	196	173	369
2023	76	186	214	400
2023	77	98	128	226
2023	78	127	127	254
2023	79	106	135	241
2023	80	108	121	229
2023	81	99	103	202
2023	82	79	105	184
2023	83	76	119	195
2023	84	66	94	160
2023	85	68	83	151
2023	86	58	79	137
2023	87	51	69	120
2023	88	37	67	104
2023	89	28	73	101
2023	90	37	53	90
2023	91	34	51	85
2023	92	24	46	70
2023	93	17	42	59
2023	94	19	33	52
2023	95	6	22	28
2023	96	6	19	25
2023	97	6	12	18
2023	98	2	9	11
2023	99	0	2	2
2023	100	0	7	7
2023	101	0	0	0
2023	102	0	3	3
2023	103	1	1	2
2023	104	0	2	2
2023	105  of ouder	1	0	1
2023	95  of ouder	22	77	99
2023	Totaal	11534	12388	
Totaal 2023		23090	24853	24021
2024	0	72	51	123
2024	1	72	88	160
2024	2	97	108	205
2024	3	94	79	173
2024	4	116	107	223
2024	5	108	114	222
2024	6	143	128	271
2024	7	146	122	268
2024	8	147	131	278
2024	9	156	192	348
2024	10	196	130	326
2024	11	184	151	335
2024	12	178	181	359
2024	13	200	192	392
2024	14	195	201	396
2024	15	191	172	363
2024	16	182	159	341
2024	17	185	160	345
2024	18	169	163	332
2024	19	138	152	290
2024	20	94	94	188
2024	21	79	96	175
2024	22	80	70	150
2024	23	89	83	172
2024	24	83	79	162
2024	25	64	70	134
2024	26	61	72	133
2024	27	61	48	109
2024	28	47	39	86
2024	29	47	52	99
2024	30	49	52	101
2024	31	57	59	116
2024	32	52	74	126
2024	33	54	85	139
2024	34	50	75	125
2024	35	91	110	201
2024	36	78	92	170
2024	37	84	112	196
2024	38	97	117	214
2024	39	100	124	224
2024	40	101	118	219
2024	41	125	127	252
2024	42	156	143	299
2024	43	125	150	275
2024	44	130	172	302
2024	45	140	161	301
2024	46	136	174	310
2024	47	170	194	364
2024	48	165	172	337
2024	49	181	184	365
2024	50	151	168	319
2024	51	174	198	372
2024	52	175	184	359
2024	53	156	187	343
2024	54	218	189	407
2024	55	200	202	402
2024	56	196	200	396
2024	57	179	194	373
2024	58	173	190	363
2024	59	193	197	390
2024	60	169	179	348
2024	61	185	165	350
2024	62	169	190	359
2024	63	170	178	348
2024	64	156	171	327
2024	65	155	157	312
2024	66	154	167	321
2024	67	143	134	277
2024	68	157	151	308
2024	69	132	160	292
2024	70	139	137	276
2024	71	118	145	263
2024	72	143	159	302
2024	73	146	132	278
2024	74	148	168	316
2024	75	135	178	313
2024	76	191	171	362
2024	77	184	210	394
2024	78	96	122	218
2024	79	118	126	244
2024	80	99	132	231
2024	81	103	122	225
2024	82	92	98	190
2024	83	75	99	174
2024	84	66	112	178
2024	85	57	88	145
2024	86	59	72	131
2024	87	51	67	118
2024	88	48	72	120
2024	89	36	65	101
2024	90	25	67	92
2024	91	30	45	75
2024	92	23	40	63
2024	93	21	38	59
2024	94	11	37	48
2024	95	12	27	39
2024	96	6	13	19
2024	97	4	14	18
2024	98	4	11	15
2024	99	2	7	9
2024	100	0	1	1
2024	101	1	5	6
2024	102	0	0	0
2024	103	0	2	2
2024	104	0	0	0
2024	105  of ouder	1	0	1
2024	95  of ouder	30	80	110
2024	Totaal	11464	12322	
Totaal 2024		22958	24724	23896
(leeg)	(leeg)			
Totaal (leeg)				
Eindtotaal		683048	760357	722138
