jaar	leeftijd	mannen	vrouwen	totaal 
1988	0	114	125	239
1988	1	117	148	265
1988	2	139	105	244
1988	3	126	107	233
1988	4	124	107	231
1988	5	124	124	248
1988	6	110	129	239
1988	7	132	116	248
1988	8	117	148	265
1988	9	143	152	295
1988	10	133	147	280
1988	11	134	142	276
1988	12	167	167	334
1988	13	149	161	310
1988	14	164	163	327
1988	15	187	170	357
1988	16	208	185	393
1988	17	218	222	440
1988	18	197	213	410
1988	19	192	205	397
1988	20	205	146	351
1988	21	178	185	363
1988	22	202	164	366
1988	23	181	173	354
1988	24	169	150	319
1988	25	174	162	336
1988	26	146	155	301
1988	27	147	131	278
1988	28	163	153	316
1988	29	158	159	317
1988	30	144	151	295
1988	31	156	140	296
1988	32	167	163	330
1988	33	164	170	334
1988	34	173	163	336
1988	35	188	145	333
1988	36	162	173	335
1988	37	177	184	361
1988	38	208	205	413
1988	39	212	241	453
1988	40	239	252	491
1988	41	251	230	481
1988	42	172	170	342
1988	43	201	217	418
1988	44	203	190	393
1988	45	141	169	310
1988	46	155	170	325
1988	47	164	175	339
1988	48	157	177	334
1988	49	162	155	317
1988	50	150	152	302
1988	51	158	158	316
1988	52	132	151	283
1988	53	129	149	278
1988	54	153	166	319
1988	55	153	157	310
1988	56	145	170	315
1988	57	142	181	323
1988	58	141	166	307
1988	59	125	151	276
1988	60	131	160	291
1988	61	137	138	275
1988	62	129	159	288
1988	63	135	175	310
1988	64	116	178	294
1988	65	120	162	282
1988	66	125	165	290
1988	67	131	166	297
1988	68	112	142	254
1988	69	101	143	244
1988	70	95	168	263
1988	71	88	146	234
1988	72	94	133	227
1988	73	93	155	248
1988	74	93	137	230
1988	75	81	174	255
1988	76	82	153	235
1988	77	68	132	200
1988	78	85	176	261
1988	79	55	127	182
1988	80	60	127	187
1988	81	63	125	188
1988	82	39	121	160
1988	83	44	106	150
1988	84	29	102	131
1988	85	28	93	121
1988	86	23	76	99
1988	87	11	70	81
1988	88	16	70	86
1988	89	14	59	73
1988	90	9	45	54
1988	91	8	35	43
1988	92	8	27	35
1988	93	5	25	30
1988	94	4	16	20
1988	95			
1988	96			
1988	97			
1988	98			
1988	99			
1989	0	116	137	253
1989	1	119	126	245
1989	2	122	148	270
1989	3	143	109	252
1989	4	129	110	239
1989	5	122	110	232
1989	6	123	120	243
1989	7	115	134	249
1989	8	138	113	251
1989	9	122	145	267
1989	10	142	154	296
1989	11	139	148	287
1989	12	138	142	280
1989	13	175	168	343
1989	14	150	166	316
1989	15	171	164	335
1989	16	193	177	370
1989	17	211	183	394
1989	18	223	221	444
1989	19	195	217	412
1989	20	187	195	382
1989	21	193	138	331
1989	22	170	167	337
1989	23	187	151	338
1989	24	169	161	330
1989	25	163	149	312
1989	26	162	149	311
1989	27	138	152	290
1989	28	144	127	271
1989	29	170	152	322
1989	30	158	169	327
1989	31	154	154	308
1989	32	168	148	316
1989	33	170	169	339
1989	34	171	179	350
1989	35	171	169	340
1989	36	189	145	334
1989	37	156	182	338
1989	38	181	194	375
1989	39	214	211	425
1989	40	222	246	468
1989	41	246	252	498
1989	42	249	228	477
1989	43	175	171	346
1989	44	198	221	419
1989	45	193	188	381
1989	46	140	168	308
1989	47	156	176	332
1989	48	167	175	342
1989	49	158	175	333
1989	50	158	158	316
1989	51	149	155	304
1989	52	164	164	328
1989	53	134	149	283
1989	54	127	147	274
1989	55	156	166	322
1989	56	155	159	314
1989	57	143	170	313
1989	58	141	177	318
1989	59	144	166	310
1989	60	121	149	270
1989	61	129	160	289
1989	62	135	137	272
1989	63	130	160	290
1989	64	132	170	302
1989	65	112	175	287
1989	66	115	163	278
1989	67	124	166	290
1989	68	127	167	294
1989	69	105	141	246
1989	70	102	143	245
1989	71	90	165	255
1989	72	85	146	231
1989	73	88	131	219
1989	74	89	154	243
1989	75	90	134	224
1989	76	77	166	243
1989	77	82	150	232
1989	78	63	127	190
1989	79	83	171	254
1989	80	43	127	170
1989	81	54	127	181
1989	82	56	119	175
1989	83	35	114	149
1989	84	33	105	138
1989	85	22	96	118
1989	86	27	85	112
1989	87	17	68	85
1989	88	8	64	72
1989	89	12	59	71
1989	90	10	50	60
1989	91	8	40	48
1989	92	6	28	34
1989	93	4	20	24
1989	94	4	21	25
1989	95			
1989	96			
1989	97			
1989	98			
1989	99			
1990	0	129	141	270
1990	1	121	147	268
1990	2	123	134	257
1990	3	131	142	273
1990	4	143	119	262
1990	5	137	107	244
1990	6	121	114	235
1990	7	129	125	254
1990	8	114	132	246
1990	9	139	118	257
1990	10	124	140	264
1990	11	140	151	291
1990	12	140	148	288
1990	13	140	139	279
1990	14	177	165	342
1990	15	152	170	322
1990	16	176	166	342
1990	17	204	181	385
1990	18	210	191	401
1990	19	211	212	423
1990	20	197	204	401
1990	21	168	189	357
1990	22	185	125	310
1990	23	166	146	312
1990	24	158	132	290
1990	25	156	128	284
1990	26	154	146	300
1990	27	150	161	311
1990	28	140	164	304
1990	29	148	139	287
1990	30	174	174	348
1990	31	165	180	345
1990	32	165	152	317
1990	33	173	151	324
1990	34	188	173	361
1990	35	168	188	356
1990	36	183	170	353
1990	37	194	145	339
1990	38	170	187	357
1990	39	188	194	382
1990	40	211	217	428
1990	41	222	248	470
1990	42	246	258	504
1990	43	250	231	481
1990	44	173	178	351
1990	45	199	222	421
1990	46	198	186	384
1990	47	138	172	310
1990	48	158	176	334
1990	49	168	180	348
1990	50	161	175	336
1990	51	154	160	314
1990	52	156	155	311
1990	53	164	161	325
1990	54	131	150	281
1990	55	122	145	267
1990	56	146	165	311
1990	57	152	159	311
1990	58	136	165	301
1990	59	141	174	315
1990	60	147	161	308
1990	61	119	146	265
1990	62	126	161	287
1990	63	133	135	268
1990	64	131	160	291
1990	65	127	169	296
1990	66	111	172	283
1990	67	114	157	271
1990	68	118	160	278
1990	69	123	164	287
1990	70	101	142	243
1990	71	98	139	237
1990	72	87	166	253
1990	73	80	141	221
1990	74	85	132	217
1990	75	86	156	242
1990	76	86	129	215
1990	77	72	159	231
1990	78	78	141	219
1990	79	60	124	184
1990	80	72	172	244
1990	81	41	121	162
1990	82	50	121	171
1990	83	47	111	158
1990	84	31	101	132
1990	85	30	96	126
1990	86	19	86	105
1990	87	26	81	107
1990	88	16	67	83
1990	89	6	54	60
1990	90	8	53	61
1990	91	6	44	50
1990	92	4	38	42
1990	93	3	24	27
1990	94	2	18	20
1990	95			
1990	96			
1990	97			
1990	98			
1990	99			
1991	0	159	133	292
1991	1	137	151	288
1991	2	133	149	282
1991	3	131	143	274
1991	4	143	144	287
1991	5	145	121	266
1991	6	146	116	262
1991	7	131	120	251
1991	8	135	127	262
1991	9	117	141	258
1991	10	146	117	263
1991	11	127	146	273
1991	12	139	154	293
1991	13	139	150	289
1991	14	134	143	277
1991	15	176	167	343
1991	16	156	169	325
1991	17	173	171	344
1991	18	208	176	384
1991	19	199	184	383
1991	20	208	189	397
1991	21	184	186	370
1991	22	152	157	309
1991	23	172	129	301
1991	24	159	144	303
1991	25	152	129	281
1991	26	154	139	293
1991	27	153	143	296
1991	28	162	172	334
1991	29	149	190	339
1991	30	162	153	315
1991	31	185	182	367
1991	32	169	181	350
1991	33	176	158	334
1991	34	186	166	352
1991	35	201	183	384
1991	36	186	193	379
1991	37	186	188	374
1991	38	202	156	358
1991	39	178	193	371
1991	40	189	196	385
1991	41	218	218	436
1991	42	224	252	476
1991	43	254	262	516
1991	44	256	234	490
1991	45	171	184	355
1991	46	205	217	422
1991	47	199	188	387
1991	48	139	167	306
1991	49	158	181	339
1991	50	165	177	342
1991	51	163	181	344
1991	52	150	161	311
1991	53	156	156	312
1991	54	163	164	327
1991	55	137	149	286
1991	56	119	142	261
1991	57	143	166	309
1991	58	147	161	308
1991	59	138	165	303
1991	60	141	170	311
1991	61	144	160	304
1991	62	114	147	261
1991	63	123	161	284
1991	64	132	137	269
1991	65	131	162	293
1991	66	123	172	295
1991	67	111	174	285
1991	68	111	155	266
1991	69	119	155	274
1991	70	119	167	286
1991	71	97	137	234
1991	72	91	140	231
1991	73	82	164	246
1991	74	75	137	212
1991	75	81	133	214
1991	76	83	158	241
1991	77	83	127	210
1991	78	68	160	228
1991	79	69	135	204
1991	80	56	114	170
1991	81	67	157	224
1991	82	37	118	155
1991	83	45	114	159
1991	84	40	101	141
1991	85	28	95	123
1991	86	29	93	122
1991	87	19	75	94
1991	88	23	70	93
1991	89	12	56	68
1991	90	5	48	53
1991	91	8	43	51
1991	92	4	30	34
1991	93	4	33	37
1991	94	2	15	17
1991	95			
1991	96			
1991	97			
1991	98			
1991	99			
1992	0	137	151	288
1992	1	163	141	304
1992	2	136	159	295
1992	3	132	152	284
1992	4	136	142	278
1992	5	142	143	285
1992	6	139	118	257
1992	7	140	119	259
1992	8	129	121	250
1992	9	137	130	267
1992	10	122	139	261
1992	11	142	111	253
1992	12	129	147	276
1992	13	147	153	300
1992	14	137	159	296
1992	15	135	143	278
1992	16	174	167	341
1992	17	157	170	327
1992	18	167	174	341
1992	19	201	167	368
1992	20	180	169	349
1992	21	186	181	367
1992	22	175	178	353
1992	23	144	129	273
1992	24	159	114	273
1992	25	134	146	280
1992	26	132	126	258
1992	27	153	136	289
1992	28	149	152	301
1992	29	165	179	344
1992	30	161	198	359
1992	31	161	157	318
1992	32	189	186	375
1992	33	178	181	359
1992	34	184	163	347
1992	35	190	169	359
1992	36	199	192	391
1992	37	189	196	385
1992	38	191	186	377
1992	39	203	156	359
1992	40	172	192	364
1992	41	190	206	396
1992	42	223	226	449
1992	43	225	259	484
1992	44	255	263	518
1992	45	254	238	492
1992	46	174	182	356
1992	47	196	211	407
1992	48	204	185	389
1992	49	136	164	300
1992	50	157	178	335
1992	51	162	180	342
1992	52	163	185	348
1992	53	146	162	308
1992	54	155	154	309
1992	55	167	164	331
1992	56	137	151	288
1992	57	116	143	259
1992	58	138	164	302
1992	59	147	159	306
1992	60	137	164	301
1992	61	141	171	312
1992	62	142	158	300
1992	63	108	145	253
1992	64	121	158	279
1992	65	127	137	264
1992	66	127	165	292
1992	67	120	172	292
1992	68	112	174	286
1992	69	107	158	265
1992	70	118	154	272
1992	71	112	167	279
1992	72	94	140	234
1992	73	85	142	227
1992	74	79	164	243
1992	75	73	136	209
1992	76	79	128	207
1992	77	75	158	233
1992	78	77	126	203
1992	79	58	154	212
1992	80	63	132	195
1992	81	54	109	163
1992	82	62	148	210
1992	83	33	109	142
1992	84	42	114	156
1992	85	37	95	132
1992	86	26	86	112
1992	87	24	81	105
1992	88	21	62	83
1992	89	16	67	83
1992	90	12	50	62
1992	91	3	41	44
1992	92	7	35	42
1992	93	2	23	25
1992	94	2	21	23
1992	95			
1992	96			
1992	97			
1992	98			
1992	99			
1993	0	139	145	284
1993	1	145	149	294
1993	2	163	141	304
1993	3	141	155	296
1993	4	136	155	291
1993	5	131	141	272
1993	6	148	149	297
1993	7	142	116	258
1993	8	138	118	256
1993	9	130	125	255
1993	10	137	133	270
1993	11	129	143	272
1993	12	141	115	256
1993	13	133	152	285
1993	14	150	150	300
1993	15	137	160	297
1993	16	136	144	280
1993	17	176	167	343
1993	18	152	167	319
1993	19	148	165	313
1993	20	184	158	342
1993	21	166	150	316
1993	22	174	163	337
1993	23	161	155	316
1993	24	139	123	262
1993	25	156	101	257
1993	26	116	134	250
1993	27	132	133	265
1993	28	160	137	297
1993	29	148	162	310
1993	30	173	188	361
1993	31	164	200	364
1993	32	168	160	328
1993	33	186	188	374
1993	34	181	180	361
1993	35	188	168	356
1993	36	194	174	368
1993	37	195	190	385
1993	38	185	202	387
1993	39	187	186	373
1993	40	202	156	358
1993	41	180	193	373
1993	42	197	205	402
1993	43	224	227	451
1993	44	223	257	480
1993	45	254	247	501
1993	46	255	232	487
1993	47	173	181	354
1993	48	197	211	408
1993	49	196	185	381
1993	50	133	161	294
1993	51	156	180	336
1993	52	158	181	339
1993	53	161	183	344
1993	54	144	156	300
1993	55	148	157	305
1993	56	162	161	323
1993	57	137	147	284
1993	58	111	136	247
1993	59	136	165	301
1993	60	143	157	300
1993	61	132	157	289
1993	62	138	170	308
1993	63	134	155	289
1993	64	105	144	249
1993	65	116	158	274
1993	66	125	134	259
1993	67	119	168	287
1993	68	120	169	289
1993	69	109	172	281
1993	70	104	161	265
1993	71	113	147	260
1993	72	107	164	271
1993	73	89	137	226
1993	74	84	136	220
1993	75	74	159	233
1993	76	72	137	209
1993	77	78	125	203
1993	78	71	147	218
1993	79	69	125	194
1993	80	56	150	206
1993	81	56	127	183
1993	82	52	105	157
1993	83	53	144	197
1993	84	30	98	128
1993	85	42	111	153
1993	86	33	85	118
1993	87	22	78	100
1993	88	21	74	95
1993	89	16	52	68
1993	90	13	53	66
1993	91	11	44	55
1993	92	2	32	34
1993	93	4	28	32
1993	94	1	19	20
1993	95			
1993	96			
1993	97			
1993	98			
1993	99			
1994	0	148	132	280
1994	1	136	151	287
1994	2	155	151	306
1994	3	164	146	310
1994	4	141	165	306
1994	5	141	151	292
1994	6	133	149	282
1994	7	150	156	306
1994	8	145	117	262
1994	9	140	124	264
1994	10	134	126	260
1994	11	138	134	272
1994	12	131	140	271
1994	13	143	118	261
1994	14	137	156	293
1994	15	149	153	302
1994	16	141	158	299
1994	17	139	147	286
1994	18	171	168	339
1994	19	145	160	305
1994	20	142	145	287
1994	21	159	134	293
1994	22	171	141	312
1994	23	163	142	305
1994	24	147	149	296
1994	25	133	123	256
1994	26	133	101	234
1994	27	115	142	257
1994	28	121	125	246
1994	29	153	135	288
1994	30	143	162	305
1994	31	185	187	372
1994	32	165	206	371
1994	33	171	170	341
1994	34	187	201	388
1994	35	185	184	369
1994	36	193	173	366
1994	37	199	174	373
1994	38	198	197	395
1994	39	186	206	392
1994	40	192	192	384
1994	41	208	159	367
1994	42	181	191	372
1994	43	196	205	401
1994	44	222	227	449
1994	45	216	259	475
1994	46	254	252	506
1994	47	251	232	483
1994	48	177	176	353
1994	49	191	210	401
1994	50	195	184	379
1994	51	128	163	291
1994	52	152	181	333
1994	53	157	181	338
1994	54	160	188	348
1994	55	137	159	296
1994	56	146	156	302
1994	57	163	160	323
1994	58	131	144	275
1994	59	112	136	248
1994	60	137	162	299
1994	61	140	154	294
1994	62	127	154	281
1994	63	132	168	300
1994	64	132	153	285
1994	65	105	141	246
1994	66	112	156	268
1994	67	124	136	260
1994	68	115	164	279
1994	69	123	171	294
1994	70	109	169	278
1994	71	102	153	255
1994	72	104	144	248
1994	73	105	164	269
1994	74	82	134	216
1994	75	81	132	213
1994	76	71	157	228
1994	77	67	129	196
1994	78	72	123	195
1994	79	63	138	201
1994	80	63	119	182
1994	81	48	139	187
1994	82	50	115	165
1994	83	47	96	143
1994	84	45	126	171
1994	85	26	86	112
1994	86	37	100	137
1994	87	29	80	109
1994	88	19	69	88
1994	89	20	64	84
1994	90	14	46	60
1994	91	9	52	61
1994	92	6	35	41
1994	93	2	26	28
1994	94	4	21	25
1994	95			
1994	96			
1994	97			
1994	98			
1994	99			
1995	0	123	162	285
1995	1	152	136	288
1995	2	143	150	293
1995	3	155	153	308
1995	4	164	148	312
1995	5	145	161	306
1995	6	144	149	293
1995	7	137	152	289
1995	8	156	153	309
1995	9	144	118	262
1995	10	142	127	269
1995	11	133	124	257
1995	12	142	134	276
1995	13	137	136	273
1995	14	148	122	270
1995	15	134	156	290
1995	16	146	153	299
1995	17	142	163	305
1995	18	136	143	279
1995	19	170	152	322
1995	20	137	144	281
1995	21	130	142	272
1995	22	147	112	259
1995	23	164	122	286
1995	24	138	120	258
1995	25	134	137	271
1995	26	112	118	230
1995	27	124	97	221
1995	28	113	142	255
1995	29	127	139	266
1995	30	162	152	314
1995	31	140	164	304
1995	32	172	197	369
1995	33	169	207	376
1995	34	176	175	351
1995	35	199	199	398
1995	36	190	191	381
1995	37	194	179	373
1995	38	206	186	392
1995	39	204	195	399
1995	40	189	203	392
1995	41	194	195	389
1995	42	212	156	368
1995	43	179	190	369
1995	44	199	209	408
1995	45	224	228	452
1995	46	219	258	477
1995	47	245	258	503
1995	48	251	239	490
1995	49	178	178	356
1995	50	191	216	407
1995	51	187	183	370
1995	52	132	161	293
1995	53	153	183	336
1995	54	153	181	334
1995	55	164	188	352
1995	56	134	159	293
1995	57	145	154	299
1995	58	161	155	316
1995	59	133	143	276
1995	60	109	136	245
1995	61	132	165	297
1995	62	140	151	291
1995	63	126	150	276
1995	64	131	166	297
1995	65	129	153	282
1995	66	101	140	241
1995	67	109	151	260
1995	68	118	135	253
1995	69	114	164	278
1995	70	122	174	296
1995	71	109	165	274
1995	72	98	151	249
1995	73	103	140	243
1995	74	101	159	260
1995	75	76	133	209
1995	76	75	128	203
1995	77	71	152	223
1995	78	60	125	185
1995	79	67	122	189
1995	80	59	126	185
1995	81	60	113	173
1995	82	41	130	171
1995	83	41	108	149
1995	84	41	93	134
1995	85	36	118	154
1995	86	24	69	93
1995	87	29	80	109
1995	88	27	71	98
1995	89	14	63	77
1995	90	16	54	70
1995	91	11	35	46
1995	92	6	40	46
1995	93	5	29	34
1995	94	2	21	23
1995	95			
1995	96			
1995	97			
1995	98			
1995	99			
1996	0	139	141	280
1996	1	132	168	300
1996	2	155	139	294
1996	3	148	162	310
1996	4	152	152	304
1996	5	160	155	315
1996	6	154	162	316
1996	7	148	154	302
1996	8	136	151	287
1996	9	157	147	304
1996	10	147	115	262
1996	11	139	128	267
1996	12	130	124	254
1996	13	141	136	277
1996	14	140	137	277
1996	15	153	123	276
1996	16	132	155	287
1996	17	145	154	299
1996	18	142	154	296
1996	19	129	134	263
1996	20	164	152	316
1996	21	132	123	255
1996	22	117	121	238
1996	23	132	103	235
1996	24	148	91	239
1996	25	126	103	229
1996	26	130	130	260
1996	27	109	124	233
1996	28	124	98	222
1996	29	106	144	250
1996	30	124	150	274
1996	31	150	154	304
1996	32	147	178	325
1996	33	190	199	389
1996	34	179	214	393
1996	35	179	181	360
1996	36	207	197	404
1996	37	193	198	391
1996	38	197	179	376
1996	39	213	183	396
1996	40	202	199	401
1996	41	194	204	398
1996	42	192	188	380
1996	43	209	158	367
1996	44	173	196	369
1996	45	203	207	410
1996	46	222	231	453
1996	47	216	261	477
1996	48	247	263	510
1996	49	248	232	480
1996	50	175	171	346
1996	51	188	218	406
1996	52	189	188	377
1996	53	138	162	300
1996	54	152	184	336
1996	55	154	180	334
1996	56	170	185	355
1996	57	133	160	293
1996	58	143	155	298
1996	59	161	155	316
1996	60	128	148	276
1996	61	106	132	238
1996	62	133	164	297
1996	63	136	155	291
1996	64	128	148	276
1996	65	131	166	297
1996	66	126	152	278
1996	67	100	143	243
1996	68	106	158	264
1996	69	118	137	255
1996	70	113	163	276
1996	71	118	178	296
1996	72	112	165	277
1996	73	103	156	259
1996	74	95	141	236
1996	75	98	153	251
1996	76	75	133	208
1996	77	65	135	200
1996	78	73	148	221
1996	79	52	123	175
1996	80	61	114	175
1996	81	59	131	190
1996	82	51	106	157
1996	83	38	125	163
1996	84	35	104	139
1996	85	33	86	119
1996	86	32	109	141
1996	87	21	65	86
1996	88	28	67	95
1996	89	21	65	86
1996	90	13	52	65
1996	91	14	43	57
1996	92	9	28	37
1996	93	3	32	35
1996	94	5	21	26
1996	95			
1996	96			
1996	97			
1996	98			
1996	99			
1997	0	132	154	286
1997	1	148	144	292
1997	2	135	164	299
1997	3	164	137	301
1997	4	150	167	317
1997	5	163	147	310
1997	6	163	160	323
1997	7	154	165	319
1997	8	150	159	309
1997	9	139	151	290
1997	10	157	149	306
1997	11	155	119	274
1997	12	137	126	263
1997	13	134	125	259
1997	14	146	146	292
1997	15	140	136	276
1997	16	152	123	275
1997	17	131	161	292
1997	18	144	153	297
1997	19	135	152	287
1997	20	127	122	249
1997	21	151	143	294
1997	22	114	111	225
1997	23	108	119	227
1997	24	115	91	206
1997	25	130	91	221
1997	26	103	92	195
1997	27	126	130	256
1997	28	107	132	239
1997	29	128	110	238
1997	30	113	149	262
1997	31	120	157	277
1997	32	152	166	318
1997	33	159	186	345
1997	34	196	212	408
1997	35	188	219	407
1997	36	186	195	381
1997	37	220	200	420
1997	38	201	198	399
1997	39	199	175	374
1997	40	212	188	400
1997	41	204	203	407
1997	42	186	206	392
1997	43	193	193	386
1997	44	212	158	370
1997	45	172	192	364
1997	46	203	205	408
1997	47	223	235	458
1997	48	210	253	463
1997	49	246	269	515
1997	50	248	232	480
1997	51	178	167	345
1997	52	191	216	407
1997	53	186	187	373
1997	54	138	163	301
1997	55	158	175	333
1997	56	147	176	323
1997	57	168	187	355
1997	58	129	157	286
1997	59	138	152	290
1997	60	162	152	314
1997	61	127	145	272
1997	62	105	130	235
1997	63	131	161	292
1997	64	130	156	286
1997	65	129	150	279
1997	66	128	168	296
1997	67	124	153	277
1997	68	101	144	245
1997	69	108	156	264
1997	70	114	138	252
1997	71	111	160	271
1997	72	114	183	297
1997	73	106	165	271
1997	74	105	159	264
1997	75	90	143	233
1997	76	98	153	251
1997	77	70	129	199
1997	78	61	130	191
1997	79	69	148	217
1997	80	48	117	165
1997	81	54	114	168
1997	82	55	128	183
1997	83	45	97	142
1997	84	28	120	148
1997	85	31	99	130
1997	86	25	78	103
1997	87	32	96	128
1997	88	17	60	77
1997	89	23	54	77
1997	90	18	53	71
1997	91	9	44	53
1997	92	12	41	53
1997	93	8	21	29
1997	94	2	19	21
1997	95			
1997	96			
1997	97			
1997	98			
1997	99			
1998	0	127	124	251
1998	1	140	165	305
1998	2	152	149	301
1998	3	131	172	303
1998	4	165	140	305
1998	5	146	163	309
1998	6	159	141	300
1998	7	163	163	326
1998	8	146	164	310
1998	9	148	157	305
1998	10	142	151	293
1998	11	159	145	304
1998	12	152	122	274
1998	13	144	127	271
1998	14	136	122	258
1998	15	145	145	290
1998	16	138	138	276
1998	17	151	122	273
1998	18	126	156	282
1998	19	130	143	273
1998	20	122	124	246
1998	21	116	106	222
1998	22	140	126	266
1998	23	96	92	188
1998	24	103	91	194
1998	25	116	93	209
1998	26	129	89	218
1998	27	97	95	192
1998	28	112	125	237
1998	29	102	132	234
1998	30	126	113	239
1998	31	116	163	279
1998	32	127	170	297
1998	33	150	163	313
1998	34	170	188	358
1998	35	197	216	413
1998	36	187	218	405
1998	37	182	196	378
1998	38	221	203	424
1998	39	211	199	410
1998	40	203	177	380
1998	41	210	187	397
1998	42	200	199	399
1998	43	186	207	393
1998	44	195	191	386
1998	45	208	155	363
1998	46	176	194	370
1998	47	193	199	392
1998	48	227	236	463
1998	49	207	255	462
1998	50	245	270	515
1998	51	244	226	470
1998	52	179	165	344
1998	53	186	217	403
1998	54	183	191	374
1998	55	136	164	300
1998	56	152	174	326
1998	57	146	177	323
1998	58	165	183	348
1998	59	125	155	280
1998	60	141	150	291
1998	61	154	150	304
1998	62	123	146	269
1998	63	106	131	237
1998	64	131	163	294
1998	65	135	157	292
1998	66	126	151	277
1998	67	131	169	300
1998	68	120	154	274
1998	69	103	143	246
1998	70	109	153	262
1998	71	111	136	247
1998	72	109	159	268
1998	73	107	182	289
1998	74	101	164	265
1998	75	103	153	256
1998	76	93	143	236
1998	77	91	145	236
1998	78	68	121	189
1998	79	54	129	183
1998	80	63	141	204
1998	81	40	111	151
1998	82	46	111	157
1998	83	51	117	168
1998	84	38	92	130
1998	85	24	106	130
1998	86	29	92	121
1998	87	21	64	85
1998	88	28	81	109
1998	89	10	55	65
1998	90	19	38	57
1998	91	12	50	62
1998	92	8	31	39
1998	93	11	28	39
1998	94	5	18	23
1998	95			
1998	96			
1998	97			
1998	98			
1998	99			
1999	0	166	130	296
1999	1	136	129	265
1999	2	150	173	323
1999	3	157	143	300
1999	4	136	177	313
1999	5	163	141	304
1999	6	139	168	307
1999	7	156	143	299
1999	8	165	159	324
1999	9	155	167	322
1999	10	149	156	305
1999	11	151	156	307
1999	12	158	145	303
1999	13	151	122	273
1999	14	142	128	270
1999	15	140	125	265
1999	16	143	144	287
1999	17	137	139	276
1999	18	149	112	261
1999	19	119	149	268
1999	20	121	118	239
1999	21	108	107	215
1999	22	103	101	204
1999	23	124	100	224
1999	24	83	71	154
1999	25	88	86	174
1999	26	105	86	191
1999	27	115	86	201
1999	28	97	110	207
1999	29	109	136	245
1999	30	114	132	246
1999	31	127	132	259
1999	32	123	167	290
1999	33	135	163	298
1999	34	153	176	329
1999	35	170	193	363
1999	36	192	223	415
1999	37	197	216	413
1999	38	189	200	389
1999	39	224	214	438
1999	40	213	199	412
1999	41	203	174	377
1999	42	207	187	394
1999	43	211	203	414
1999	44	182	204	386
1999	45	190	190	380
1999	46	213	160	373
1999	47	173	195	368
1999	48	188	199	387
1999	49	223	234	457
1999	50	204	250	454
1999	51	247	259	506
1999	52	240	219	459
1999	53	174	162	336
1999	54	186	210	396
1999	55	181	189	370
1999	56	134	165	299
1999	57	155	169	324
1999	58	141	170	311
1999	59	162	179	341
1999	60	125	155	280
1999	61	137	147	284
1999	62	149	149	298
1999	63	122	146	268
1999	64	106	130	236
1999	65	129	165	294
1999	66	132	160	292
1999	67	128	152	280
1999	68	127	168	295
1999	69	117	153	270
1999	70	99	141	240
1999	71	105	151	256
1999	72	108	131	239
1999	73	105	153	258
1999	74	100	178	278
1999	75	93	160	253
1999	76	93	147	240
1999	77	83	139	222
1999	78	87	142	229
1999	79	65	117	182
1999	80	54	128	182
1999	81	53	133	186
1999	82	34	104	138
1999	83	44	100	144
1999	84	46	99	145
1999	85	32	88	120
1999	86	18	94	112
1999	87	25	79	104
1999	88	17	63	80
1999	89	25	77	102
1999	90	6	51	57
1999	91	13	31	44
1999	92	14	39	53
1999	93	5	19	24
1999	94	11	19	30
1999	95			
1999	96			
1999	97			
1999	98			
1999	99			
2000	0	156	134	290
2000	1	176	139	315
2000	2	145	149	294
2000	3	146	181	327
2000	4	158	150	308
2000	5	147	175	322
2000	6	158	140	298
2000	7	135	165	300
2000	8	159	139	298
2000	9	168	160	328
2000	10	153	169	322
2000	11	153	160	313
2000	12	152	160	312
2000	13	158	151	309
2000	14	149	127	276
2000	15	149	134	283
2000	16	138	126	264
2000	17	145	147	292
2000	18	136	129	265
2000	19	140	106	246
2000	20	112	132	244
2000	21	120	95	215
2000	22	99	91	190
2000	23	95	90	185
2000	24	117	96	213
2000	25	81	72	153
2000	26	91	91	182
2000	27	102	90	192
2000	28	109	90	199
2000	29	100	111	211
2000	30	120	143	263
2000	31	120	136	256
2000	32	141	144	285
2000	33	124	183	307
2000	34	157	166	323
2000	35	152	178	330
2000	36	170	201	371
2000	37	201	225	426
2000	38	196	226	422
2000	39	203	212	415
2000	40	222	210	432
2000	41	214	197	411
2000	42	198	174	372
2000	43	200	190	390
2000	44	204	203	407
2000	45	184	202	386
2000	46	197	188	385
2000	47	212	158	370
2000	48	170	199	369
2000	49	190	201	391
2000	50	219	226	445
2000	51	202	247	449
2000	52	244	259	503
2000	53	242	220	462
2000	54	175	157	332
2000	55	182	207	389
2000	56	183	188	371
2000	57	131	163	294
2000	58	152	168	320
2000	59	138	172	310
2000	60	159	177	336
2000	61	125	150	275
2000	62	136	148	284
2000	63	145	150	295
2000	64	117	144	261
2000	65	104	130	234
2000	66	129	164	293
2000	67	129	156	285
2000	68	122	154	276
2000	69	128	169	297
2000	70	115	155	270
2000	71	94	136	230
2000	72	105	149	254
2000	73	106	131	237
2000	74	104	146	250
2000	75	94	173	267
2000	76	87	159	246
2000	77	87	145	232
2000	78	81	138	219
2000	79	81	130	211
2000	80	57	114	171
2000	81	45	118	163
2000	82	49	125	174
2000	83	28	97	125
2000	84	40	88	128
2000	85	39	85	124
2000	86	25	77	102
2000	87	17	82	99
2000	88	20	66	86
2000	89	13	48	61
2000	90	21	58	79
2000	91	5	36	41
2000	92	11	26	37
2000	93	9	29	38
2000	94	2	13	15
2000	95			
2000	96			
2000	97			
2000	98			
2000	99			
2001	0	149	131	280
2001	1	175	141	316
2001	2	178	145	323
2001	3	151	151	302
2001	4	147	188	335
2001	5	166	155	321
2001	6	144	179	323
2001	7	155	144	299
2001	8	140	170	310
2001	9	159	140	299
2001	10	165	163	328
2001	11	153	167	320
2001	12	148	154	302
2001	13	155	161	316
2001	14	159	147	306
2001	15	146	128	274
2001	16	149	135	284
2001	17	139	124	263
2001	18	148	146	294
2001	19	118	114	232
2001	20	131	95	226
2001	21	97	118	215
2001	22	110	81	191
2001	23	97	81	178
2001	24	82	78	160
2001	25	113	86	199
2001	26	75	74	149
2001	27	86	76	162
2001	28	92	93	185
2001	29	100	94	194
2001	30	102	123	225
2001	31	130	150	280
2001	32	132	161	293
2001	33	148	159	307
2001	34	134	186	320
2001	35	162	177	339
2001	36	159	187	346
2001	37	180	202	382
2001	38	196	220	416
2001	39	199	235	434
2001	40	212	213	425
2001	41	225	212	437
2001	42	213	201	414
2001	43	195	174	369
2001	44	203	188	391
2001	45	202	205	407
2001	46	180	196	376
2001	47	194	191	385
2001	48	212	159	371
2001	49	169	195	364
2001	50	193	201	394
2001	51	221	230	451
2001	52	206	251	457
2001	53	247	259	506
2001	54	244	218	462
2001	55	173	160	333
2001	56	182	206	388
2001	57	181	193	374
2001	58	131	165	296
2001	59	146	166	312
2001	60	140	171	311
2001	61	160	180	340
2001	62	127	147	274
2001	63	140	150	290
2001	64	145	149	294
2001	65	118	143	261
2001	66	99	128	227
2001	67	132	164	296
2001	68	132	155	287
2001	69	119	154	273
2001	70	127	166	293
2001	71	113	157	270
2001	72	93	137	230
2001	73	104	157	261
2001	74	106	130	236
2001	75	103	146	249
2001	76	98	170	268
2001	77	79	161	240
2001	78	77	138	215
2001	79	74	138	212
2001	80	76	121	197
2001	81	56	109	165
2001	82	42	116	158
2001	83	45	113	158
2001	84	22	95	117
2001	85	35	81	116
2001	86	38	74	112
2001	87	23	72	95
2001	88	18	73	91
2001	89	18	52	70
2001	90	11	38	49
2001	91	13	51	64
2001	92	4	28	32
2001	93	9	23	32
2001	94	9	24	33
2001	95			
2001	96			
2001	97			
2001	98			
2001	99			
2002	0	136	136	272
2002	1	145	141	286
2002	2	180	153	333
2002	3	178	145	323
2002	4	151	146	297
2002	5	143	188	331
2002	6	168	156	324
2002	7	144	181	325
2002	8	157	140	297
2002	9	142	172	314
2002	10	155	144	299
2002	11	165	164	329
2002	12	159	174	333
2002	13	150	151	301
2002	14	156	159	315
2002	15	158	149	307
2002	16	145	128	273
2002	17	151	132	283
2002	18	134	119	253
2002	19	132	142	274
2002	20	111	102	213
2002	21	117	74	191
2002	22	93	106	199
2002	23	99	77	176
2002	24	81	76	157
2002	25	82	68	150
2002	26	107	80	187
2002	27	77	76	153
2002	28	89	77	166
2002	29	84	109	193
2002	30	101	96	197
2002	31	119	136	255
2002	32	131	152	283
2002	33	125	150	275
2002	34	143	162	305
2002	35	136	191	327
2002	36	167	178	345
2002	37	165	190	355
2002	38	178	210	388
2002	39	191	223	414
2002	40	206	230	436
2002	41	212	217	429
2002	42	229	210	439
2002	43	211	201	412
2002	44	194	173	367
2002	45	201	191	392
2002	46	201	208	409
2002	47	185	196	381
2002	48	194	196	390
2002	49	210	158	368
2002	50	173	192	365
2002	51	191	204	395
2002	52	215	234	449
2002	53	204	245	449
2002	54	244	257	501
2002	55	239	221	460
2002	56	170	152	322
2002	57	179	203	382
2002	58	178	189	367
2002	59	132	160	292
2002	60	141	166	307
2002	61	141	164	305
2002	62	156	173	329
2002	63	122	150	272
2002	64	134	149	283
2002	65	142	148	290
2002	66	114	144	258
2002	67	95	128	223
2002	68	126	169	295
2002	69	131	155	286
2002	70	118	153	271
2002	71	120	164	284
2002	72	110	157	267
2002	73	84	135	219
2002	74	101	148	249
2002	75	98	131	229
2002	76	98	136	234
2002	77	94	162	256
2002	78	75	157	232
2002	79	73	133	206
2002	80	70	135	205
2002	81	73	113	186
2002	82	50	105	155
2002	83	39	113	152
2002	84	37	106	143
2002	85	20	88	108
2002	86	29	79	108
2002	87	31	75	106
2002	88	17	64	81
2002	89	16	63	79
2002	90	14	50	64
2002	91	9	34	43
2002	92	11	39	50
2002	93	5	24	29
2002	94	10	18	28
2002	95			
2002	96			
2002	97			
2002	98			
2002	99			
2003	0	123	114	237
2003	1	137	153	290
2003	2	154	141	295
2003	3	180	148	328
2003	4	174	149	323
2003	5	155	147	302
2003	6	141	189	330
2003	7	168	156	324
2003	8	142	177	319
2003	9	158	147	305
2003	10	143	169	312
2003	11	153	147	300
2003	12	169	168	337
2003	13	156	174	330
2003	14	151	160	311
2003	15	157	161	318
2003	16	161	150	311
2003	17	142	129	271
2003	18	149	133	282
2003	19	125	115	240
2003	20	114	118	232
2003	21	106	95	201
2003	22	113	76	189
2003	23	88	92	180
2003	24	82	73	155
2003	25	68	68	136
2003	26	80	70	150
2003	27	86	74	160
2003	28	71	84	155
2003	29	79	74	153
2003	30	79	111	190
2003	31	98	112	210
2003	32	131	143	274
2003	33	136	160	296
2003	34	134	161	295
2003	35	145	169	314
2003	36	145	186	331
2003	37	169	185	354
2003	38	165	189	354
2003	39	181	208	389
2003	40	199	223	422
2003	41	201	236	437
2003	42	207	213	420
2003	43	221	212	433
2003	44	206	205	411
2003	45	194	177	371
2003	46	201	191	392
2003	47	197	208	405
2003	48	183	197	380
2003	49	193	190	383
2003	50	206	157	363
2003	51	169	191	360
2003	52	186	207	393
2003	53	215	231	446
2003	54	206	244	450
2003	55	242	257	499
2003	56	236	215	451
2003	57	164	150	314
2003	58	176	203	379
2003	59	177	184	361
2003	60	131	159	290
2003	61	140	168	308
2003	62	139	161	300
2003	63	150	169	319
2003	64	124	150	274
2003	65	134	149	283
2003	66	138	147	285
2003	67	112	147	259
2003	68	94	125	219
2003	69	120	164	284
2003	70	129	153	282
2003	71	120	156	276
2003	72	113	161	274
2003	73	108	152	260
2003	74	83	131	214
2003	75	95	146	241
2003	76	90	129	219
2003	77	96	138	234
2003	78	90	163	253
2003	79	70	149	219
2003	80	72	128	200
2003	81	63	133	196
2003	82	67	114	181
2003	83	47	97	144
2003	84	41	98	139
2003	85	32	102	134
2003	86	17	78	95
2003	87	19	70	89
2003	88	29	63	92
2003	89	12	52	64
2003	90	11	56	67
2003	91	13	36	49
2003	92	6	27	33
2003	93	8	28	36
2003	94	3	19	22
2003	95			
2003	96			
2003	97			
2003	98			
2003	99			
2004	0	137	130	267
2004	1	141	118	259
2004	2	137	161	298
2004	3	161	142	303
2004	4	177	148	325
2004	5	173	153	326
2004	6	158	149	307
2004	7	144	185	329
2004	8	172	157	329
2004	9	141	174	315
2004	10	157	141	298
2004	11	143	180	323
2004	12	154	143	297
2004	13	175	171	346
2004	14	156	172	328
2004	15	151	165	316
2004	16	157	156	313
2004	17	163	148	311
2004	18	134	117	251
2004	19	132	111	243
2004	20	111	98	209
2004	21	112	105	217
2004	22	84	79	163
2004	23	98	73	171
2004	24	80	79	159
2004	25	76	71	147
2004	26	55	72	127
2004	27	66	72	138
2004	28	91	75	166
2004	29	59	77	136
2004	30	81	83	164
2004	31	78	113	191
2004	32	99	120	219
2004	33	128	162	290
2004	34	129	176	305
2004	35	157	163	320
2004	36	154	166	320
2004	37	155	189	344
2004	38	164	187	351
2004	39	172	191	363
2004	40	192	209	401
2004	41	196	222	418
2004	42	203	233	436
2004	43	206	202	408
2004	44	214	214	428
2004	45	210	207	417
2004	46	192	181	373
2004	47	199	193	392
2004	48	194	206	400
2004	49	179	191	370
2004	50	196	189	385
2004	51	204	154	358
2004	52	162	192	354
2004	53	189	209	398
2004	54	212	230	442
2004	55	205	245	450
2004	56	235	258	493
2004	57	233	215	448
2004	58	163	147	310
2004	59	176	203	379
2004	60	171	185	356
2004	61	131	157	288
2004	62	140	166	306
2004	63	135	166	301
2004	64	148	170	318
2004	65	126	148	274
2004	66	128	149	277
2004	67	140	150	290
2004	68	114	146	260
2004	69	97	126	223
2004	70	123	164	287
2004	71	123	153	276
2004	72	121	152	273
2004	73	109	162	271
2004	74	103	147	250
2004	75	86	133	219
2004	76	90	146	236
2004	77	86	124	210
2004	78	91	134	225
2004	79	84	161	245
2004	80	62	143	205
2004	81	71	127	198
2004	82	58	120	178
2004	83	61	107	168
2004	84	45	90	135
2004	85	32	91	123
2004	86	27	95	122
2004	87	15	70	85
2004	88	18	63	81
2004	89	21	57	78
2004	90	10	46	56
2004	91	10	39	49
2004	92	8	32	40
2004	93	5	18	23
2004	94	5	23	28
2004	95			
2004	96			
2004	97			
2004	98			
2004	99			
2005	0	113	131	244
2005	1	148	140	288
2005	2	144	134	278
2005	3	142	181	323
2005	4	172	135	307
2005	5	180	140	320
2005	6	169	151	320
2005	7	162	145	307
2005	8	143	187	330
2005	9	173	159	332
2005	10	138	176	314
2005	11	158	146	304
2005	12	146	182	328
2005	13	152	145	297
2005	14	175	170	345
2005	15	156	171	327
2005	16	148	164	312
2005	17	157	159	316
2005	18	154	128	282
2005	19	114	107	221
2005	20	116	90	206
2005	21	100	73	173
2005	22	92	94	186
2005	23	88	73	161
2005	24	82	66	148
2005	25	92	78	170
2005	26	72	71	143
2005	27	49	61	110
2005	28	60	59	119
2005	29	89	78	167
2005	30	59	88	147
2005	31	82	84	166
2005	32	77	125	202
2005	33	110	131	241
2005	34	134	164	298
2005	35	140	180	320
2005	36	161	184	345
2005	37	160	169	329
2005	38	157	190	347
2005	39	168	187	355
2005	40	175	191	366
2005	41	192	218	410
2005	42	197	218	415
2005	43	200	227	427
2005	44	208	204	412
2005	45	217	216	433
2005	46	208	206	414
2005	47	194	182	376
2005	48	196	191	387
2005	49	190	205	395
2005	50	187	197	384
2005	51	194	192	386
2005	52	212	154	366
2005	53	167	194	361
2005	54	182	206	388
2005	55	215	228	443
2005	56	207	245	452
2005	57	234	258	492
2005	58	236	218	454
2005	59	161	147	308
2005	60	175	199	374
2005	61	169	184	353
2005	62	131	160	291
2005	63	135	164	299
2005	64	137	167	304
2005	65	149	170	319
2005	66	127	149	276
2005	67	128	153	281
2005	68	136	150	286
2005	69	112	154	266
2005	70	93	124	217
2005	71	121	163	284
2005	72	123	152	275
2005	73	117	155	272
2005	74	108	162	270
2005	75	103	141	244
2005	76	81	129	210
2005	77	85	140	225
2005	78	81	118	199
2005	79	84	131	215
2005	80	80	160	240
2005	81	59	132	191
2005	82	69	118	187
2005	83	50	112	162
2005	84	56	111	167
2005	85	41	82	123
2005	86	28	81	109
2005	87	29	82	111
2005	88	13	52	65
2005	89	13	55	68
2005	90	21	50	71
2005	91	9	36	45
2005	92	9	33	42
2005	93	5	28	33
2005	94	4	14	18
2005	95			
2005	96			
2005	97			
2005	98			
2005	99			
2006	0	110	120	230
2006	1	131	131	262
2006	2	161	158	319
2006	3	144	136	280
2006	4	148	183	331
2006	5	165	142	307
2006	6	181	144	325
2006	7	166	155	321
2006	8	162	145	307
2006	9	144	188	332
2006	10	173	163	336
2006	11	145	180	325
2006	12	157	146	303
2006	13	144	178	322
2006	14	154	145	299
2006	15	176	171	347
2006	16	155	167	322
2006	17	146	163	309
2006	18	150	144	294
2006	19	134	114	248
2006	20	100	81	181
2006	21	102	78	180
2006	22	84	69	153
2006	23	78	83	161
2006	24	85	65	150
2006	25	74	62	136
2006	26	87	74	161
2006	27	59	66	125
2006	28	54	65	119
2006	29	57	73	130
2006	30	100	86	186
2006	31	64	93	157
2006	32	88	108	196
2006	33	91	129	220
2006	34	116	135	251
2006	35	135	168	303
2006	36	150	184	334
2006	37	166	188	354
2006	38	159	176	335
2006	39	164	193	357
2006	40	180	187	367
2006	41	186	199	385
2006	42	184	219	403
2006	43	191	215	406
2006	44	211	222	433
2006	45	202	200	402
2006	46	214	221	435
2006	47	207	208	415
2006	48	194	175	369
2006	49	190	191	381
2006	50	196	210	406
2006	51	182	200	382
2006	52	191	191	382
2006	53	206	152	358
2006	54	169	191	360
2006	55	177	205	382
2006	56	206	227	433
2006	57	213	245	458
2006	58	232	255	487
2006	59	238	220	458
2006	60	160	146	306
2006	61	174	198	372
2006	62	168	184	352
2006	63	131	159	290
2006	64	134	163	297
2006	65	133	165	298
2006	66	146	170	316
2006	67	126	149	275
2006	68	125	155	280
2006	69	136	149	285
2006	70	106	155	261
2006	71	93	127	220
2006	72	119	159	278
2006	73	120	150	270
2006	74	116	160	276
2006	75	112	159	271
2006	76	101	139	240
2006	77	79	129	208
2006	78	82	143	225
2006	79	75	112	187
2006	80	77	131	208
2006	81	69	150	219
2006	82	58	127	185
2006	83	65	114	179
2006	84	46	110	156
2006	85	53	100	153
2006	86	36	76	112
2006	87	25	77	102
2006	88	27	70	97
2006	89	10	51	61
2006	90	10	44	54
2006	91	18	43	61
2006	92	7	30	37
2006	93	7	24	31
2006	94	4	24	28
2006	95			
2006	96			
2006	97			
2006	98			
2006	99			
2007	0	105	120	225
2007	1	117	141	258
2007	2	145	130	275
2007	3	164	168	332
2007	4	156	141	297
2007	5	153	178	331
2007	6	167	138	305
2007	7	180	146	326
2007	8	165	153	318
2007	9	161	140	301
2007	10	144	190	334
2007	11	171	163	334
2007	12	143	185	328
2007	13	157	146	303
2007	14	146	176	322
2007	15	156	146	302
2007	16	174	168	342
2007	17	156	168	324
2007	18	135	144	279
2007	19	125	127	252
2007	20	116	95	211
2007	21	87	69	156
2007	22	82	66	148
2007	23	68	67	135
2007	24	69	69	138
2007	25	74	56	130
2007	26	68	53	121
2007	27	68	65	133
2007	28	53	63	116
2007	29	56	70	126
2007	30	54	83	137
2007	31	103	89	192
2007	32	75	112	187
2007	33	93	111	204
2007	34	100	131	231
2007	35	130	151	281
2007	36	155	175	330
2007	37	158	190	348
2007	38	175	201	376
2007	39	148	177	325
2007	40	159	197	356
2007	41	183	186	369
2007	42	193	195	388
2007	43	187	212	399
2007	44	191	219	410
2007	45	208	216	424
2007	46	208	196	404
2007	47	218	223	441
2007	48	210	202	412
2007	49	193	178	371
2007	50	191	192	383
2007	51	198	206	404
2007	52	183	194	377
2007	53	193	190	383
2007	54	201	155	356
2007	55	169	191	360
2007	56	174	208	382
2007	57	209	226	435
2007	58	208	249	457
2007	59	234	251	485
2007	60	228	228	456
2007	61	160	142	302
2007	62	175	202	377
2007	63	165	187	352
2007	64	131	160	291
2007	65	131	160	291
2007	66	134	167	301
2007	67	145	167	312
2007	68	124	151	275
2007	69	121	153	274
2007	70	130	149	279
2007	71	100	156	256
2007	72	95	124	219
2007	73	122	154	276
2007	74	119	155	274
2007	75	114	165	279
2007	76	103	155	258
2007	77	99	139	238
2007	78	75	129	204
2007	79	79	138	217
2007	80	73	113	186
2007	81	72	125	197
2007	82	63	136	199
2007	83	52	118	170
2007	84	56	108	164
2007	85	40	100	140
2007	86	46	95	141
2007	87	28	70	98
2007	88	22	66	88
2007	89	22	60	82
2007	90	10	45	55
2007	91	11	37	48
2007	92	13	39	52
2007	93	5	24	29
2007	94	6	22	28
2007	95			
2007	96			
2007	97			
2007	98			
2007	99			
2008	0	131	109	240
2008	1	137	132	269
2008	2	136	154	290
2008	3	161	144	305
2008	4	162	171	333
2008	5	163	140	303
2008	6	148	170	318
2008	7	163	141	304
2008	8	177	149	326
2008	9	174	153	327
2008	10	161	141	302
2008	11	146	187	333
2008	12	167	163	330
2008	13	147	182	329
2008	14	156	146	302
2008	15	143	177	320
2008	16	156	142	298
2008	17	172	166	338
2008	18	151	142	293
2008	19	107	112	219
2008	20	113	95	208
2008	21	109	75	184
2008	22	82	61	143
2008	23	72	60	132
2008	24	69	61	130
2008	25	70	58	128
2008	26	59	62	121
2008	27	67	52	119
2008	28	59	64	123
2008	29	54	71	125
2008	30	52	88	140
2008	31	63	89	152
2008	32	110	99	209
2008	33	82	125	207
2008	34	108	125	233
2008	35	118	145	263
2008	36	147	162	309
2008	37	167	183	350
2008	38	167	201	368
2008	39	172	200	372
2008	40	160	179	339
2008	41	166	201	367
2008	42	186	183	369
2008	43	191	197	388
2008	44	187	212	399
2008	45	199	216	415
2008	46	209	218	427
2008	47	209	196	405
2008	48	224	227	451
2008	49	210	198	408
2008	50	192	181	373
2008	51	191	191	382
2008	52	196	205	401
2008	53	182	195	377
2008	54	191	186	377
2008	55	200	159	359
2008	56	166	187	353
2008	57	166	207	373
2008	58	205	228	433
2008	59	205	246	451
2008	60	231	252	483
2008	61	228	221	449
2008	62	156	136	292
2008	63	173	193	366
2008	64	159	186	345
2008	65	125	156	281
2008	66	127	163	290
2008	67	135	170	305
2008	68	144	168	312
2008	69	122	157	279
2008	70	121	151	272
2008	71	125	150	275
2008	72	99	158	257
2008	73	96	125	221
2008	74	121	158	279
2008	75	117	155	272
2008	76	111	160	271
2008	77	104	153	257
2008	78	95	133	228
2008	79	74	126	200
2008	80	73	136	209
2008	81	69	108	177
2008	82	64	119	183
2008	83	55	129	184
2008	84	44	105	149
2008	85	54	100	154
2008	86	37	94	131
2008	87	41	82	123
2008	88	21	65	86
2008	89	16	58	74
2008	90	18	52	70
2008	91	8	41	49
2008	92	7	28	35
2008	93	5	33	38
2008	94	5	17	22
2008	95			
2008	96			
2008	97			
2008	98			
2008	99			
2009	0	127	115	242
2009	1	137	115	252
2009	2	138	140	278
2009	3	140	161	301
2009	4	165	156	321
2009	5	161	181	342
2009	6	166	141	307
2009	7	149	166	315
2009	8	158	141	299
2009	9	173	151	324
2009	10	175	154	329
2009	11	166	148	314
2009	12	151	186	337
2009	13	168	168	336
2009	14	146	182	328
2009	15	165	149	314
2009	16	141	180	321
2009	17	158	139	297
2009	18	166	153	319
2009	19	133	112	245
2009	20	93	94	187
2009	21	99	76	175
2009	22	108	72	180
2009	23	75	58	133
2009	24	70	62	132
2009	25	60	59	119
2009	26	67	61	128
2009	27	62	47	109
2009	28	69	62	131
2009	29	58	68	126
2009	30	54	76	130
2009	31	62	90	152
2009	32	71	102	173
2009	33	117	111	228
2009	34	93	134	227
2009	35	117	132	249
2009	36	126	161	287
2009	37	147	167	314
2009	38	168	184	352
2009	39	183	209	392
2009	40	169	197	366
2009	41	159	185	344
2009	42	165	203	368
2009	43	185	185	370
2009	44	186	208	394
2009	45	186	214	400
2009	46	194	211	405
2009	47	211	222	433
2009	48	207	192	399
2009	49	223	227	450
2009	50	205	195	400
2009	51	191	184	375
2009	52	188	193	381
2009	53	199	201	400
2009	54	186	189	375
2009	55	190	186	376
2009	56	196	157	353
2009	57	162	187	349
2009	58	163	206	369
2009	59	206	227	433
2009	60	203	244	447
2009	61	224	248	472
2009	62	226	217	443
2009	63	156	132	288
2009	64	177	192	369
2009	65	157	191	348
2009	66	127	157	284
2009	67	126	162	288
2009	68	131	174	305
2009	69	137	168	305
2009	70	119	157	276
2009	71	127	152	279
2009	72	125	147	272
2009	73	99	158	257
2009	74	98	124	222
2009	75	113	156	269
2009	76	115	154	269
2009	77	106	154	260
2009	78	96	153	249
2009	79	91	130	221
2009	80	72	116	188
2009	81	70	128	198
2009	82	59	109	168
2009	83	60	111	171
2009	84	49	118	167
2009	85	41	100	141
2009	86	45	92	137
2009	87	38	83	121
2009	88	36	73	109
2009	89	19	59	78
2009	90	12	52	64
2009	91	15	41	56
2009	92	10	39	49
2009	93	5	22	27
2009	94	4	28	32
2009	95			
2009	96			
2009	97			
2009	98			
2009	99			
2010	0	132	136	268
2010	1	139	131	270
2010	2	158	134	292
2010	3	151	157	308
2010	4	157	171	328
2010	5	167	165	332
2010	6	166	178	344
2010	7	175	150	325
2010	8	147	174	321
2010	9	164	147	311
2010	10	177	160	337
2010	11	172	155	327
2010	12	164	143	307
2010	13	145	190	335
2010	14	173	172	345
2010	15	151	178	329
2010	16	166	149	315
2010	17	140	179	319
2010	18	152	125	277
2010	19	142	129	271
2010	20	115	84	199
2010	21	91	89	180
2010	22	91	71	162
2010	23	106	69	175
2010	24	66	62	128
2010	25	69	60	129
2010	26	62	52	114
2010	27	64	66	130
2010	28	60	59	119
2010	29	77	68	145
2010	30	58	77	135
2010	31	58	87	145
2010	32	68	100	168
2010	33	71	112	183
2010	34	127	131	258
2010	35	104	148	252
2010	36	123	137	260
2010	37	145	182	327
2010	38	164	174	338
2010	39	176	188	364
2010	40	199	216	415
2010	41	181	210	391
2010	42	173	191	364
2010	43	168	205	373
2010	44	191	185	376
2010	45	191	206	397
2010	46	187	212	399
2010	47	198	215	413
2010	48	208	221	429
2010	49	209	198	407
2010	50	217	230	447
2010	51	206	195	401
2010	52	187	181	368
2010	53	187	192	379
2010	54	201	205	406
2010	55	185	188	373
2010	56	188	192	380
2010	57	191	161	352
2010	58	163	188	351
2010	59	165	211	376
2010	60	199	227	426
2010	61	205	244	449
2010	62	220	249	469
2010	63	224	217	441
2010	64	152	132	284
2010	65	171	195	366
2010	66	158	194	352
2010	67	123	160	283
2010	68	127	167	294
2010	69	129	174	303
2010	70	136	171	307
2010	71	124	154	278
2010	72	127	155	282
2010	73	122	147	269
2010	74	99	155	254
2010	75	94	124	218
2010	76	110	154	264
2010	77	112	158	270
2010	78	98	155	253
2010	79	94	154	248
2010	80	82	127	209
2010	81	68	108	176
2010	82	65	122	187
2010	83	54	101	155
2010	84	56	105	161
2010	85	43	104	147
2010	86	36	85	121
2010	87	40	89	129
2010	88	30	76	106
2010	89	29	65	94
2010	90	15	51	66
2010	91	12	40	52
2010	92	10	40	50
2010	93	9	26	35
2010	94	3	16	19
2010	95			
2010	96			
2010	97			
2010	98			
2010	99			
2011	0	112	101	213
2011	1	133	147	280
2011	2	155	148	303
2011	3	168	145	313
2011	4	157	164	321
2011	5	162	177	339
2011	6	174	169	343
2011	7	168	180	348
2011	8	180	151	331
2011	9	153	174	327
2011	10	167	149	316
2011	11	174	155	329
2011	12	170	157	327
2011	13	161	139	300
2011	14	147	191	338
2011	15	173	170	343
2011	16	152	176	328
2011	17	160	147	307
2011	18	136	160	296
2011	19	134	107	241
2011	20	123	112	235
2011	21	93	78	171
2011	22	77	92	169
2011	23	93	82	175
2011	24	107	86	193
2011	25	74	70	144
2011	26	80	69	149
2011	27	57	53	110
2011	28	67	80	147
2011	29	57	65	122
2011	30	88	76	164
2011	31	75	82	157
2011	32	71	103	174
2011	33	74	106	180
2011	34	82	116	198
2011	35	133	141	274
2011	36	113	156	269
2011	37	132	148	280
2011	38	141	184	325
2011	39	172	178	350
2011	40	175	192	367
2011	41	201	218	419
2011	42	189	215	404
2011	43	173	200	373
2011	44	171	212	383
2011	45	195	186	381
2011	46	197	211	408
2011	47	190	212	402
2011	48	205	216	421
2011	49	215	219	434
2011	50	206	202	408
2011	51	220	230	450
2011	52	209	201	410
2011	53	185	179	364
2011	54	179	190	369
2011	55	204	204	408
2011	56	186	185	371
2011	57	186	185	371
2011	58	192	162	354
2011	59	160	188	348
2011	60	162	211	373
2011	61	202	225	427
2011	62	204	240	444
2011	63	218	251	469
2011	64	220	220	440
2011	65	153	132	285
2011	66	170	200	370
2011	67	161	194	355
2011	68	125	155	280
2011	69	123	172	295
2011	70	127	181	308
2011	71	137	173	310
2011	72	127	155	282
2011	73	123	157	280
2011	74	121	145	266
2011	75	94	153	247
2011	76	90	121	211
2011	77	107	155	262
2011	78	106	154	260
2011	79	92	150	242
2011	80	92	146	238
2011	81	77	123	200
2011	82	65	103	168
2011	83	62	115	177
2011	84	51	91	142
2011	85	47	90	137
2011	86	36	99	135
2011	87	31	79	110
2011	88	34	79	113
2011	89	21	66	87
2011	90	24	56	80
2011	91	10	50	60
2011	92	9	29	38
2011	93	8	31	39
2011	94	4	20	24
2011	95			
2011	96			
2011	97			
2011	98			
2011	99			
2012	0	104	92	196
2012	1	127	105	232
2012	2	153	155	308
2012	3	162	156	318
2012	4	167	156	323
2012	5	161	167	328
2012	6	169	180	349
2012	7	177	171	348
2012	8	167	183	350
2012	9	183	152	335
2012	10	161	178	339
2012	11	165	147	312
2012	12	174	157	331
2012	13	171	159	330
2012	14	164	145	309
2012	15	144	193	337
2012	16	176	170	346
2012	17	153	170	323
2012	18	152	135	287
2012	19	117	131	248
2012	20	112	94	206
2012	21	108	93	201
2012	22	96	66	162
2012	23	86	91	177
2012	24	81	67	148
2012	25	99	80	179
2012	26	69	64	133
2012	27	77	75	152
2012	28	51	51	102
2012	29	65	84	149
2012	30	62	67	129
2012	31	87	78	165
2012	32	77	88	165
2012	33	78	111	189
2012	34	82	114	196
2012	35	96	127	223
2012	36	138	140	278
2012	37	120	166	286
2012	38	143	155	298
2012	39	134	181	315
2012	40	176	182	358
2012	41	179	197	376
2012	42	200	215	415
2012	43	194	215	409
2012	44	173	200	373
2012	45	172	213	385
2012	46	199	186	385
2012	47	200	207	407
2012	48	187	216	403
2012	49	205	220	425
2012	50	214	215	429
2012	51	207	201	408
2012	52	215	226	441
2012	53	206	199	405
2012	54	189	182	371
2012	55	180	185	365
2012	56	205	200	405
2012	57	183	185	368
2012	58	182	185	367
2012	59	190	163	353
2012	60	153	183	336
2012	61	161	210	371
2012	62	201	223	424
2012	63	204	238	442
2012	64	216	247	463
2012	65	217	221	438
2012	66	149	129	278
2012	67	169	196	365
2012	68	158	187	345
2012	69	121	153	274
2012	70	122	171	293
2012	71	125	180	305
2012	72	134	173	307
2012	73	120	156	276
2012	74	124	159	283
2012	75	118	143	261
2012	76	93	156	249
2012	77	90	121	211
2012	78	101	152	253
2012	79	105	156	261
2012	80	88	143	231
2012	81	89	143	232
2012	82	73	120	193
2012	83	57	98	155
2012	84	57	109	166
2012	85	44	77	121
2012	86	46	83	129
2012	87	32	89	121
2012	88	23	74	97
2012	89	30	67	97
2012	90	13	60	73
2012	91	20	42	62
2012	92	11	41	52
2012	93	7	20	27
2012	94	7	24	31
2012	95			
2012	96			
2012	97			
2012	98			
2012	99			
2013	0	97	93	190
2013	1	111	100	211
2013	2	139	115	254
2013	3	158	160	318
2013	4	166	159	325
2013	5	168	162	330
2013	6	161	168	329
2013	7	170	182	352
2013	8	169	172	341
2013	9	167	189	356
2013	10	182	154	336
2013	11	166	179	345
2013	12	167	151	318
2013	13	176	164	340
2013	14	175	163	338
2013	15	169	150	319
2013	16	144	197	341
2013	17	175	171	346
2013	18	138	156	294
2013	19	116	104	220
2013	20	98	101	199
2013	21	100	81	181
2013	22	107	88	195
2013	23	89	77	166
2013	24	86	85	171
2013	25	82	79	161
2013	26	96	83	179
2013	27	74	70	144
2013	28	75	85	160
2013	29	61	51	112
2013	30	73	79	152
2013	31	66	74	140
2013	32	82	74	156
2013	33	84	99	183
2013	34	83	113	196
2013	35	88	124	212
2013	36	103	138	241
2013	37	140	146	286
2013	38	127	171	298
2013	39	145	162	307
2013	40	137	194	331
2013	41	181	186	367
2013	42	188	199	387
2013	43	211	219	430
2013	44	191	221	412
2013	45	170	206	376
2013	46	170	212	382
2013	47	197	187	384
2013	48	205	206	411
2013	49	190	220	410
2013	50	205	222	427
2013	51	223	217	440
2013	52	200	202	402
2013	53	215	228	443
2013	54	202	198	400
2013	55	189	182	371
2013	56	183	186	369
2013	57	201	196	397
2013	58	187	191	378
2013	59	186	187	373
2013	60	189	160	349
2013	61	153	182	335
2013	62	159	210	369
2013	63	203	224	427
2013	64	202	239	441
2013	65	215	252	467
2013	66	214	221	435
2013	67	146	129	275
2013	68	166	190	356
2013	69	158	187	345
2013	70	118	154	272
2013	71	122	167	289
2013	72	123	175	298
2013	73	124	167	291
2013	74	118	154	272
2013	75	122	159	281
2013	76	110	142	252
2013	77	88	158	246
2013	78	87	113	200
2013	79	105	148	253
2013	80	103	149	252
2013	81	83	138	221
2013	82	78	134	212
2013	83	67	114	181
2013	84	54	95	149
2013	85	54	103	157
2013	86	40	72	112
2013	87	37	79	116
2013	88	26	85	111
2013	89	20	67	87
2013	90	27	61	88
2013	91	13	48	61
2013	92	16	31	47
2013	93	11	36	47
2013	94	7	13	20
2013	95			
2013	96			
2013	97			
2013	98			
2013	99			
2014	0	104	121	225
2014	1	105	109	214
2014	2	126	112	238
2014	3	146	124	270
2014	4	163	170	333
2014	5	170	162	332
2014	6	169	167	336
2014	7	167	163	330
2014	8	169	189	358
2014	9	169	168	337
2014	10	163	190	353
2014	11	184	153	337
2014	12	169	182	351
2014	13	171	153	324
2014	14	175	167	342
2014	15	172	162	334
2014	16	169	151	320
2014	17	144	194	338
2014	18	148	152	300
2014	19	116	131	247
2014	20	97	74	171
2014	21	88	84	172
2014	22	94	78	172
2014	23	106	95	201
2014	24	81	74	155
2014	25	81	82	163
2014	26	85	78	163
2014	27	94	76	170
2014	28	69	74	143
2014	29	79	87	166
2014	30	66	57	123
2014	31	72	96	168
2014	32	78	87	165
2014	33	88	85	173
2014	34	94	111	205
2014	35	92	118	210
2014	36	88	127	215
2014	37	119	149	268
2014	38	145	148	293
2014	39	134	178	312
2014	40	156	171	327
2014	41	141	190	331
2014	42	177	187	364
2014	43	187	200	387
2014	44	213	220	433
2014	45	196	218	414
2014	46	166	215	381
2014	47	172	216	388
2014	48	200	185	385
2014	49	207	209	416
2014	50	187	221	408
2014	51	201	223	424
2014	52	223	209	432
2014	53	203	202	405
2014	54	213	227	440
2014	55	200	196	396
2014	56	184	182	366
2014	57	186	186	372
2014	58	198	199	397
2014	59	183	185	368
2014	60	180	185	365
2014	61	185	162	347
2014	62	143	181	324
2014	63	153	208	361
2014	64	200	221	421
2014	65	200	242	442
2014	66	211	257	468
2014	67	210	225	435
2014	68	150	134	284
2014	69	167	191	358
2014	70	157	186	343
2014	71	118	151	269
2014	72	117	160	277
2014	73	119	172	291
2014	74	119	170	289
2014	75	116	152	268
2014	76	114	158	272
2014	77	110	140	250
2014	78	85	154	239
2014	79	85	110	195
2014	80	97	142	239
2014	81	98	149	247
2014	82	77	129	206
2014	83	74	131	205
2014	84	61	107	168
2014	85	50	96	146
2014	86	43	91	134
2014	87	38	70	108
2014	88	34	76	110
2014	89	19	78	97
2014	90	22	54	76
2014	91	20	48	68
2014	92	9	43	52
2014	93	15	27	42
2014	94	8	31	39
2014	95			
2014	96			
2014	97			
2014	98			
2014	99			
2015	0	106	108	214
2015	1	103	141	244
2015	2	118	132	250
2015	3	142	125	267
2015	4	155	140	295
2015	5	162	185	347
2015	6	169	170	339
2015	7	167	167	334
2015	8	167	162	329
2015	9	171	189	360
2015	10	170	161	331
2015	11	166	190	356
2015	12	187	152	339
2015	13	173	182	355
2015	14	171	152	323
2015	15	178	158	336
2015	16	175	163	338
2015	17	166	148	314
2015	18	128	161	289
2015	19	122	107	229
2015	20	98	93	191
2015	21	80	65	145
2015	22	78	91	169
2015	23	88	87	175
2015	24	94	88	182
2015	25	76	73	149
2015	26	74	80	154
2015	27	87	89	176
2015	28	85	76	161
2015	29	74	81	155
2015	30	87	100	187
2015	31	73	65	138
2015	32	75	99	174
2015	33	82	109	191
2015	34	108	111	219
2015	35	109	124	233
2015	36	108	128	236
2015	37	108	140	248
2015	38	120	151	271
2015	39	146	159	305
2015	40	147	181	328
2015	41	159	172	331
2015	42	146	189	335
2015	43	178	183	361
2015	44	186	202	388
2015	45	208	222	430
2015	46	190	221	411
2015	47	166	216	382
2015	48	173	212	385
2015	49	196	190	386
2015	50	207	216	423
2015	51	190	218	408
2015	52	199	224	423
2015	53	217	207	424
2015	54	197	203	400
2015	55	209	225	434
2015	56	205	189	394
2015	57	181	182	363
2015	58	182	192	374
2015	59	198	202	400
2015	60	184	185	369
2015	61	176	184	360
2015	62	186	159	345
2015	63	138	182	320
2015	64	153	210	363
2015	65	198	218	416
2015	66	194	238	432
2015	67	208	258	466
2015	68	208	223	431
2015	69	150	135	285
2015	70	161	187	348
2015	71	155	189	344
2015	72	121	153	274
2015	73	118	162	280
2015	74	119	170	289
2015	75	120	175	295
2015	76	117	148	265
2015	77	113	152	265
2015	78	109	138	247
2015	79	83	152	235
2015	80	77	108	185
2015	81	96	139	235
2015	82	94	140	234
2015	83	70	127	197
2015	84	67	123	190
2015	85	56	106	162
2015	86	45	88	133
2015	87	42	85	127
2015	88	30	66	96
2015	89	31	66	97
2015	90	15	67	82
2015	91	20	49	69
2015	92	17	44	61
2015	93	6	37	43
2015	94	14	22	36
2015	95	5	25	30
2015	96	4	8	12
2015	97	1	11	12
2015	98	1	8	9
2015	99	1	1	2
2016	0	114	105	219
2016	1	121	120	241
2016	2	120	167	287
2016	3	133	152	285
2016	4	156	129	285
2016	5	162	152	314
2016	6	162	187	349
2016	7	172	175	347
2016	8	171	166	337
2016	9	168	158	326
2016	10	168	189	357
2016	11	168	162	330
2016	12	159	189	348
2016	13	186	152	338
2016	14	168	184	352
2016	15	176	153	329
2016	16	183	163	346
2016	17	170	163	333
2016	18	157	143	300
2016	19	108	131	239
2016	20	94	89	183
2016	21	92	96	188
2016	22	69	58	127
2016	23	70	79	149
2016	24	84	79	163
2016	25	92	77	169
2016	26	79	71	150
2016	27	79	80	159
2016	28	85	90	175
2016	29	94	91	185
2016	30	74	87	161
2016	31	92	101	193
2016	32	78	72	150
2016	33	88	118	206
2016	34	104	128	232
2016	35	116	129	245
2016	36	118	140	258
2016	37	119	145	264
2016	38	123	142	265
2016	39	138	163	301
2016	40	154	160	314
2016	41	152	182	334
2016	42	158	178	336
2016	43	155	195	350
2016	44	182	186	368
2016	45	191	203	394
2016	46	214	216	430
2016	47	192	223	415
2016	48	165	221	386
2016	49	177	212	389
2016	50	197	190	387
2016	51	214	215	429
2016	52	185	215	400
2016	53	205	229	434
2016	54	214	203	417
2016	55	197	205	402
2016	56	204	226	430
2016	57	197	189	386
2016	58	184	175	359
2016	59	182	192	374
2016	60	195	199	394
2016	61	180	186	366
2016	62	171	179	350
2016	63	189	159	348
2016	64	139	182	321
2016	65	152	212	364
2016	66	196	223	419
2016	67	197	240	437
2016	68	205	257	462
2016	69	208	225	433
2016	70	150	136	286
2016	71	159	189	348
2016	72	150	189	339
2016	73	123	150	273
2016	74	117	166	283
2016	75	122	176	298
2016	76	121	170	291
2016	77	117	150	267
2016	78	108	152	260
2016	79	97	137	234
2016	80	79	146	225
2016	81	73	107	180
2016	82	86	137	223
2016	83	87	132	219
2016	84	59	118	177
2016	85	61	122	183
2016	86	52	104	156
2016	87	41	86	127
2016	88	38	77	115
2016	89	27	63	90
2016	90	26	59	85
2016	91	10	55	65
2016	92	13	41	54
2016	93	12	40	52
2016	94	5	24	29
2016	95	12	22	34
2016	96	5	21	26
2016	97	3	5	8
2016	98	1	12	13
2016	99	1	4	5
2017	0	131	112	243
2017	1	131	115	246
2017	2	144	138	282
2017	3	131	175	306
2017	4	145	161	306
2017	5	174	135	309
2017	6	165	163	328
2017	7	170	187	357
2017	8	174	178	352
2017	9	170	161	331
2017	10	165	166	331
2017	11	170	186	356
2017	12	169	171	340
2017	13	158	187	345
2017	14	182	159	341
2017	15	166	182	348
2017	16	178	148	326
2017	17	185	160	345
2017	18	170	148	318
2017	19	143	121	264
2017	20	97	100	197
2017	21	80	84	164
2017	22	85	91	176
2017	23	67	56	123
2017	24	87	63	150
2017	25	86	79	165
2017	26	86	76	162
2017	27	69	79	148
2017	28	73	82	155
2017	29	78	98	176
2017	30	91	96	187
2017	31	82	89	171
2017	32	100	108	208
2017	33	79	72	151
2017	34	98	135	233
2017	35	127	150	277
2017	36	130	136	266
2017	37	133	156	289
2017	38	134	154	288
2017	39	125	150	275
2017	40	141	164	305
2017	41	158	162	320
2017	42	161	186	347
2017	43	169	186	355
2017	44	160	191	351
2017	45	186	184	370
2017	46	200	204	404
2017	47	208	218	426
2017	48	194	227	421
2017	49	167	225	392
2017	50	172	200	372
2017	51	200	195	395
2017	52	206	212	418
2017	53	180	206	386
2017	54	201	225	426
2017	55	213	208	421
2017	56	192	202	394
2017	57	204	221	425
2017	58	191	192	383
2017	59	184	178	362
2017	60	180	189	369
2017	61	195	199	394
2017	62	182	185	367
2017	63	165	179	344
2017	64	187	158	345
2017	65	139	183	322
2017	66	148	216	364
2017	67	188	223	411
2017	68	197	235	432
2017	69	200	255	455
2017	70	207	221	428
2017	71	141	129	270
2017	72	159	186	345
2017	73	148	186	334
2017	74	120	148	268
2017	75	116	169	285
2017	76	120	176	296
2017	77	114	167	281
2017	78	110	150	260
2017	79	105	152	257
2017	80	95	128	223
2017	81	77	142	219
2017	82	74	96	170
2017	83	80	130	210
2017	84	79	124	203
2017	85	55	108	163
2017	86	62	108	170
2017	87	46	95	141
2017	88	35	73	108
2017	89	29	64	93
2017	90	20	61	81
2017	91	23	50	73
2017	92	9	44	53
2017	93	9	36	45
2017	94	8	35	43
2017	95	6	23	29
2017	96	9	17	26
2017	97	4	19	23
2017	98	2	4	6
2017	99	1	10	11
2018	0	108	117	225
2018	1	147	128	275
2018	2	149	131	280
2018	3	148	155	303
2018	4	146	182	328
2018	5	153	164	317
2018	6	179	140	319
2018	7	167	164	331
2018	8	171	193	364
2018	9	171	177	348
2018	10	174	159	333
2018	11	163	164	327
2018	12	169	185	354
2018	13	170	167	337
2018	14	161	182	343
2018	15	178	164	342
2018	16	170	181	351
2018	17	181	147	328
2018	18	177	152	329
2018	19	155	119	274
2018	20	124	97	221
2018	21	92	90	182
2018	22	79	85	164
2018	23	79	75	154
2018	24	61	66	127
2018	25	80	59	139
2018	26	83	74	157
2018	27	83	84	167
2018	28	76	85	161
2018	29	85	76	161
2018	30	83	101	184
2018	31	94	96	190
2018	32	86	101	187
2018	33	108	124	232
2018	34	86	88	174
2018	35	113	141	254
2018	36	141	161	302
2018	37	139	156	295
2018	38	142	160	302
2018	39	143	163	306
2018	40	138	149	287
2018	41	142	171	313
2018	42	155	165	320
2018	43	156	192	348
2018	44	179	193	372
2018	45	167	195	362
2018	46	189	182	371
2018	47	199	204	403
2018	48	208	215	423
2018	49	192	223	415
2018	50	166	217	383
2018	51	179	203	382
2018	52	197	189	386
2018	53	204	211	415
2018	54	180	204	384
2018	55	196	227	423
2018	56	203	208	411
2018	57	191	197	388
2018	58	200	224	424
2018	59	190	190	380
2018	60	190	169	359
2018	61	176	188	364
2018	62	194	200	394
2018	63	183	183	366
2018	64	162	179	341
2018	65	180	163	343
2018	66	138	178	316
2018	67	149	213	362
2018	68	183	221	404
2018	69	193	236	429
2018	70	192	254	446
2018	71	195	219	414
2018	72	140	129	269
2018	73	159	185	344
2018	74	150	184	334
2018	75	118	157	275
2018	76	114	168	282
2018	77	123	173	296
2018	78	109	160	269
2018	79	107	148	255
2018	80	105	148	253
2018	81	90	118	208
2018	82	77	137	214
2018	83	66	95	161
2018	84	75	125	200
2018	85	71	117	188
2018	86	46	105	151
2018	87	56	102	158
2018	88	43	85	128
2018	89	28	72	100
2018	90	29	57	86
2018	91	19	50	69
2018	92	17	39	56
2018	93	11	35	46
2018	94	6	34	40
2018	95	9	27	36
2018	96	1	16	17
2018	97	4	12	16
2018	98	2	15	17
2018	99	2	2	4
2019	0	118	119	237
2019	1	121	132	253
2019	2	166	147	313
2019	3	154	143	297
2019	4	159	166	325
2019	5	151	195	346
2019	6	163	167	330
2019	7	184	144	328
2019	8	175	170	345
2019	9	172	191	363
2019	10	164	176	340
2019	11	179	160	339
2019	12	167	159	326
2019	13	170	187	357
2019	14	169	158	327
2019	15	161	180	341
2019	16	180	155	335
2019	17	168	177	345
2019	18	175	138	313
2019	19	156	132	288
2019	20	138	92	230
2019	21	111	91	202
2019	22	93	95	188
2019	23	84	80	164
2019	24	74	82	156
2019	25	70	70	140
2019	26	78	67	145
2019	27	76	76	152
2019	28	84	84	168
2019	29	69	91	160
2019	30	87	84	171
2019	31	94	106	200
2019	32	99	109	208
2019	33	101	107	208
2019	34	120	133	253
2019	35	90	96	186
2019	36	131	149	280
2019	37	146	173	319
2019	38	161	164	325
2019	39	150	175	325
2019	40	150	167	317
2019	41	150	158	308
2019	42	145	175	320
2019	43	164	170	334
2019	44	161	195	356
2019	45	175	191	366
2019	46	169	190	359
2019	47	193	185	378
2019	48	200	203	403
2019	49	214	216	430
2019	50	187	217	404
2019	51	171	215	386
2019	52	185	202	387
2019	53	191	192	383
2019	54	197	212	409
2019	55	178	202	380
2019	56	200	225	425
2019	57	203	209	412
2019	58	189	184	373
2019	59	199	221	420
2019	60	188	183	371
2019	61	184	173	357
2019	62	179	183	362
2019	63	195	197	392
2019	64	175	179	354
2019	65	159	179	338
2019	66	174	160	334
2019	67	139	179	318
2019	68	146	214	360
2019	69	180	216	396
2019	70	182	231	413
2019	71	196	255	451
2019	72	189	219	408
2019	73	133	129	262
2019	74	157	185	342
2019	75	146	184	330
2019	76	110	152	262
2019	77	120	161	281
2019	78	118	172	290
2019	79	109	156	265
2019	80	103	145	248
2019	81	103	145	248
2019	82	88	110	198
2019	83	75	130	205
2019	84	62	91	153
2019	85	72	124	196
2019	86	67	103	170
2019	87	42	95	137
2019	88	48	91	139
2019	89	36	81	117
2019	90	22	68	90
2019	91	24	50	74
2019	92	16	42	58
2019	93	14	30	44
2019	94	6	28	34
2019	95	3	31	34
2019	96	3	20	23
2019	97	1	16	17
2019	98	3	10	13
2019	99	3	12	15
2020	0	100	122	222
2020	1	125	131	256
2020	2	132	150	282
2020	3	176	146	322
2020	4	171	150	321
2020	5	160	172	332
2020	6	154	194	348
2020	7	169	163	332
2020	8	182	150	332
2020	9	177	169	346
2020	10	179	189	368
2020	11	161	181	342
2020	12	184	166	350
2020	13	168	163	331
2020	14	173	185	358
2020	15	169	157	326
2020	16	161	175	336
2020	17	178	150	328
2020	18	161	164	325
2020	19	156	123	279
2020	20	131	100	231
2020	21	112	91	203
2020	22	101	81	182
2020	23	89	86	175
2020	24	73	87	160
2020	25	66	79	145
2020	26	70	77	147
2020	27	84	75	159
2020	28	76	80	156
2020	29	79	82	161
2020	30	77	91	168
2020	31	87	94	181
2020	32	104	109	213
2020	33	103	119	222
2020	34	118	109	227
2020	35	126	140	266
2020	36	103	103	206
2020	37	130	161	291
2020	38	139	180	319
2020	39	162	177	339
2020	40	162	176	338
2020	41	156	169	325
2020	42	152	158	310
2020	43	152	177	329
2020	44	172	177	349
2020	45	164	205	369
2020	46	171	189	360
2020	47	173	184	357
2020	48	193	183	376
2020	49	200	205	405
2020	50	206	217	423
2020	51	185	212	397
2020	52	177	209	386
2020	53	183	202	385
2020	54	190	189	379
2020	55	197	201	398
2020	56	170	188	358
2020	57	198	218	416
2020	58	197	207	404
2020	59	182	183	365
2020	60	193	219	412
2020	61	188	182	370
2020	62	181	173	354
2020	63	177	183	360
2020	64	193	198	391
2020	65	172	180	352
2020	66	160	175	335
2020	67	172	158	330
2020	68	137	177	314
2020	69	145	213	358
2020	70	176	216	392
2020	71	179	226	405
2020	72	189	253	442
2020	73	185	218	403
2020	74	130	127	257
2020	75	155	182	337
2020	76	141	187	328
2020	77	113	152	265
2020	78	117	157	274
2020	79	110	170	280
2020	80	106	152	258
2020	81	98	139	237
2020	82	101	141	242
2020	83	82	106	188
2020	84	70	125	195
2020	85	52	85	137
2020	86	66	110	176
2020	87	54	98	152
2020	88	37	87	124
2020	89	42	80	122
2020	90	30	69	99
2020	91	22	60	82
2020	92	21	45	66
2020	93	13	29	42
2020	94	9	26	35
2020	95	3	25	28
2020	96	3	23	26
2020	97	1	16	17
2020	98	1	10	11
2020	99	3	4	7
2021	0	113	114	227
2021	1	131	144	275
2021	2	142	155	297
2021	3	151	166	317
2021	4	187	151	338
2021	5	179	155	334
2021	6	168	173	341
2021	7	158	196	354
2021	8	173	165	338
2021	9	191	152	343
2021	10	180	173	353
2021	11	184	200	384
2021	12	160	179	339
2021	13	186	177	363
2021	14	171	165	336
2021	15	176	184	360
2021	16	176	158	334
2021	17	161	177	338
2021	18	175	138	313
2021	19	137	136	273
2021	20	127	99	226
2021	21	119	86	205
2021	22	98	82	180
2021	23	91	78	169
2021	24	81	67	148
2021	25	71	77	148
2021	26	78	73	151
2021	27	72	69	141
2021	28	80	66	146
2021	29	81	84	165
2021	30	76	88	164
2021	31	84	105	189
2021	32	94	110	204
2021	33	122	125	247
2021	34	113	143	256
2021	35	136	133	269
2021	36	138	154	292
2021	37	113	122	235
2021	38	138	167	305
2021	39	151	186	337
2021	40	176	184	360
2021	41	173	181	354
2021	42	170	180	350
2021	43	158	173	331
2021	44	163	181	344
2021	45	173	179	352
2021	46	160	205	365
2021	47	167	184	351
2021	48	179	191	370
2021	49	200	184	384
2021	50	203	195	398
2021	51	209	212	421
2021	52	192	214	406
2021	53	178	205	383
2021	54	184	210	394
2021	55	189	197	386
2021	56	194	206	400
2021	57	168	181	349
2021	58	202	211	413
2021	59	190	205	395
2021	60	182	183	365
2021	61	190	218	408
2021	62	187	185	372
2021	63	178	171	349
2021	64	173	183	356
2021	65	183	196	379
2021	66	172	179	351
2021	67	160	174	334
2021	68	172	159	331
2021	69	137	180	317
2021	70	148	206	354
2021	71	176	222	398
2021	72	180	223	403
2021	73	187	250	437
2021	74	188	218	406
2021	75	128	130	258
2021	76	154	180	334
2021	77	141	186	327
2021	78	103	151	254
2021	79	111	152	263
2021	80	99	158	257
2021	81	97	149	246
2021	82	93	136	229
2021	83	101	139	240
2021	84	75	103	178
2021	85	65	120	185
2021	86	49	70	119
2021	87	57	100	157
2021	88	52	90	142
2021	89	35	81	116
2021	90	35	76	111
2021	91	27	62	89
2021	92	16	44	60
2021	93	18	42	60
2021	94	6	21	27
2021	95	4	19	23
2021	96	1	16	17
2021	97	2	17	19
2021	98	1	13	14
2021	99	1	6	7
2022	0	114	119	233
2022	1	128	130	258
2022	2	137	153	290
2022	3	150	163	313
2022	4	152	172	324
2022	5	193	154	347
2022	6	184	158	342
2022	7	169	179	348
2022	8	161	202	363
2022	9	176	163	339
2022	10	195	154	349
2022	11	173	181	354
2022	12	175	202	377
2022	13	157	176	333
2022	14	200	175	375
2022	15	174	168	342
2022	16	174	184	358
2022	17	175	149	324
2022	18	149	170	319
2022	19	154	116	270
2022	20	111	100	211
2022	21	117	82	199
2022	22	104	74	178
2022	23	87	69	156
2022	24	81	72	153
2022	25	75	60	135
2022	26	68	92	160
2022	27	80	73	153
2022	28	73	70	143
2022	29	84	74	158
2022	30	81	97	178
2022	31	73	103	176
2022	32	96	116	212
2022	33	104	112	216
2022	34	140	126	266
2022	35	122	151	273
2022	36	141	145	286
2022	37	150	170	320
2022	38	123	134	257
2022	39	147	166	313
2022	40	163	196	359
2022	41	175	192	367
2022	42	179	178	357
2022	43	175	184	359
2022	44	157	177	334
2022	45	163	184	347
2022	46	179	178	357
2022	47	163	199	362
2022	48	165	182	347
2022	49	169	186	355
2022	50	190	182	372
2022	51	197	192	389
2022	52	210	215	425
2022	53	191	211	402
2022	54	179	205	384
2022	55	182	210	392
2022	56	187	188	375
2022	57	193	207	400
2022	58	167	178	345
2022	59	198	213	411
2022	60	188	200	388
2022	61	184	183	367
2022	62	190	219	409
2022	63	184	187	371
2022	64	178	168	346
2022	65	175	184	359
2022	66	178	194	372
2022	67	169	180	349
2022	68	153	173	326
2022	69	167	160	327
2022	70	138	182	320
2022	71	145	207	352
2022	72	175	224	399
2022	73	180	220	400
2022	74	184	251	435
2022	75	189	212	401
2022	76	128	128	256
2022	77	145	181	326
2022	78	130	178	308
2022	79	103	149	252
2022	80	107	146	253
2022	81	96	149	245
2022	82	95	151	246
2022	83	87	131	218
2022	84	94	133	227
2022	85	69	91	160
2022	86	64	115	179
2022	87	42	66	108
2022	88	52	88	140
2022	89	41	83	124
2022	90	28	71	99
2022	91	30	72	102
2022	92	23	50	73
2022	93	14	38	52
2022	94	13	32	45
2022	95	3	17	20
2022	96	3	13	16
2022	97	1	13	14
2022	98	0	14	14
2022	99	0	6	6
2023	0	97	100	197
2023	1	135	128	263
2023	2	128	152	280
2023	3	147	160	307
2023	4	158	178	336
2023	5	158	174	332
2023	6	200	159	359
2023	7	186	160	346
2023	8	170	180	350
2023	9	162	207	369
2023	10	179	162	341
2023	11	197	155	352
2023	12	175	185	360
2023	13	177	201	378
2023	14	162	177	339
2023	15	189	177	366
2023	16	172	170	342
2023	17	173	182	355
2023	18	167	140	307
2023	19	147	142	289
2023	20	127	104	231
2023	21	98	100	198
2023	22	112	75	187
2023	23	106	82	188
2023	24	85	80	165
2023	25	85	70	155
2023	26	74	65	139
2023	27	74	86	160
2023	28	88	76	164
2023	29	90	73	163
2023	30	80	84	164
2023	31	78	104	182
2023	32	83	110	193
2023	33	103	127	230
2023	34	108	129	237
2023	35	142	141	283
2023	36	123	171	294
2023	37	154	160	314
2023	38	159	180	339
2023	39	128	136	264
2023	40	160	170	330
2023	41	164	200	364
2023	42	179	188	367
2023	43	187	180	367
2023	44	177	181	358
2023	45	161	184	345
2023	46	162	187	349
2023	47	178	182	360
2023	48	162	197	359
2023	49	161	185	346
2023	50	167	190	357
2023	51	190	182	372
2023	52	195	197	392
2023	53	219	215	434
2023	54	194	207	401
2023	55	179	202	381
2023	56	178	216	394
2023	57	189	188	377
2023	58	192	209	401
2023	59	173	181	354
2023	60	197	218	415
2023	61	193	204	397
2023	62	182	182	364
2023	63	188	219	407
2023	64	183	184	367
2023	65	175	168	343
2023	66	175	184	359
2023	67	179	191	370
2023	68	164	178	342
2023	69	152	170	322
2023	70	163	158	321
2023	71	135	189	324
2023	72	144	206	350
2023	73	169	221	390
2023	74	178	216	394
2023	75	179	251	430
2023	76	182	217	399
2023	77	121	126	247
2023	78	135	187	322
2023	79	131	183	314
2023	80	100	145	245
2023	81	105	143	248
2023	82	95	143	238
2023	83	85	145	230
2023	84	84	126	210
2023	85	84	132	216
2023	86	63	92	155
2023	87	56	107	163
2023	88	34	57	91
2023	89	37	77	114
2023	90	39	83	122
2023	91	23	58	81
2023	92	26	59	85
2023	93	16	47	63
2023	94	12	30	42
2023	95	9	18	27
2023	96	2	11	13
2023	97	2	10	12
2023	98	2	7	9
2023	99	0	4	4
2024	0	104	110	214
2024	1	108	102	210
2024	2	141	136	277
2024	3	134	154	288
2024	4	155	158	313
2024	5	161	174	335
2024	6	161	170	331
2024	7	201	159	360
2024	8	201	162	363
2024	9	172	185	357
2024	10	162	212	374
2024	11	182	157	339
2024	12	200	159	359
2024	13	173	186	359
2024	14	183	206	389
2024	15	169	179	348
2024	16	192	178	370
2024	17	171	172	343
2024	18	154	162	316
2024	19	118	106	224
2024	20	111	106	217
2024	21	102	68	170
2024	22	88	84	172
2024	23	99	71	170
2024	24	100	84	184
2024	25	78	72	150
2024	26	91	74	165
2024	27	82	68	150
2024	28	74	81	155
2024	29	93	92	185
2024	30	92	74	166
2024	31	91	90	181
2024	32	80	108	188
2024	33	99	113	212
2024	34	107	140	247
2024	35	113	139	252
2024	36	154	142	296
2024	37	123	173	296
2024	38	159	164	323
2024	39	166	189	355
2024	40	137	143	280
2024	41	152	177	329
2024	42	173	200	373
2024	43	180	193	373
2024	44	188	182	370
2024	45	177	179	356
2024	46	164	179	343
2024	47	169	186	355
2024	48	175	185	360
2024	49	169	195	364
2024	50	159	188	347
2024	51	171	188	359
2024	52	187	185	372
2024	53	196	193	389
2024	54	216	219	435
2024	55	196	200	396
2024	56	177	200	377
2024	57	178	208	386
2024	58	191	181	372
2024	59	181	209	390
2024	60	176	181	357
2024	61	195	211	406
2024	62	187	200	387
2024	63	180	181	361
2024	64	185	213	398
2024	65	178	186	364
2024	66	174	172	346
2024	67	169	185	354
2024	68	173	190	363
2024	69	161	171	332
2024	70	149	169	318
2024	71	163	154	317
2024	72	130	188	318
2024	73	140	197	337
2024	74	166	219	385
2024	75	172	213	385
2024	76	174	240	414
2024	77	177	217	394
2024	78	120	126	246
2024	79	133	175	308
2024	80	129	178	307
2024	81	90	145	235
2024	82	99	141	240
2024	83	85	142	227
2024	84	86	134	220
2024	85	82	116	198
2024	86	79	121	200
2024	87	60	84	144
2024	88	52	101	153
2024	89	31	53	84
2024	90	28	66	94
2024	91	31	71	102
2024	92	23	52	75
2024	93	24	44	68
2024	94	13	36	49
2024	95	9	21	30
2024	96	5	14	19
2024	97	2	10	12
2024	98	0	4	4
2024	99	1	6	7
(leeg)	(leeg)			
Eindtotaal		457003	517673	974676
Totaal (leeg)				
Totaal 1988		12174	14041	26215
Totaal 1989		12194	14062	26256
Totaal 1990		12220	14068	26288
Totaal 1991		12420	14187	26607
Totaal 1992		12337	14210	26547
Totaal 1993		12270	14085	26355
Totaal 1994		12221	14030	26251
Totaal 1995		12177	13957	26134
Totaal 1996		12194	13956	26150
Totaal 1997		12204	14014	26218
Totaal 1998		12107	13867	25974
Totaal 1999		12073	13748	25821
Totaal 2000		12119	13708	25827
Totaal 2001		12203	13753	25956
Totaal 2002		12117	13718	25835
Totaal 2003		12003	13684	25687
Totaal 2004		11966	13632	25598
Totaal 2005		11985	13604	25589
Totaal 2006		11976	13624	25600
Totaal 2007		11931	13586	25517
Totaal 2008		12013	13547	25560
Totaal 2009		12041	13573	25614
Totaal 2010		12204	13782	25986
Totaal 2011		12316	13912	26228
Totaal 2012		12342	13830	26172
Totaal 2013		12362	13884	26246
Totaal 2014		12346	13950	26296
Totaal 2015		12383	14086	26469
Totaal 2016		12516	14242	26758
Totaal 2017		12659	14266	26925
Totaal 2018		12757	14310	27067
Totaal 2019		12899	14378	27277
Totaal 2020		12873	14346	27219
Totaal 2021		13074	14458	27532
Totaal 2022		13074	14470	27544
Totaal 2023		13142	14629	27771
Totaal 2024		13111	14476	27587
